[Priors]
[0.61, 0.61, 0.21000000000000002, 0.21000000000000002, 0.21000000000000002, 0.21000000000000002, 0.21000000000000002, 0.21000000000000002, 0.21000000000000002, 0.21000000000000002, 0.21000000000000002, 0.21000000000000002, 0.21000000000000002, 0.21000000000000002, 0.21000000000000002, 0.21000000000000002, 0.21000000000000002, 0.21000000000000002, 0.21000000000000002, 0.21000000000000002, 0.21000000000000002, 0.21000000000000002, 0.21000000000000002, 0.21000000000000002, 0.21000000000000002, 0.21000000000000002, 0.21000000000000002, 0.21000000000000002, 0.21000000000000002, 0.21000000000000002, 0.21000000000000002, 0.21000000000000002, 0.21000000000000002, 0.21000000000000002, 0.21000000000000002, 0.21000000000000002, 0.21000000000000002, 0.21000000000000002, 0.21000000000000002, 0.21000000000000002, 0.21000000000000002, 0.21000000000000002, 0.21000000000000002, 0.21000000000000002, 0.21000000000000002, 0.21000000000000002, 0.21000000000000002, 0.21000000000000002, 0.21000000000000002, 0.21000000000000002, 0.21000000000000002, 0.21000000000000002, 0.21000000000000002, 0.21000000000000002, 0.21000000000000002, 0.21000000000000002]
[Bugs]
0
1
[InitialTests]
0
19
1
2
[TestDetails]
0;[1, 2, 3, 4, 5, 6, 7, 8, 9, 10, 11, 12, 14, 15, 16, 17, 18, 19, 20, 21, 22, 23, 24, 25, 27, 28, 29, 30, 31, 32, 33, 34, 35, 36, 39, 40, 41, 42, 43, 44, 45, 46, 48, 50, 51, 52, 53, 54];[1, 2, 3, 4, 5, 6, 7, 8, 9, 10, 11, 12, 14, 15, 16, 17, 18, 19, 20, 21, 22, 23, 24, 25, 27, 28, 29, 30, 31, 32, 33, 34, 35, 36, 39, 40, 41, 42, 43, 44, 45, 46, 48, 50, 51, 52, 53, 54];1
1;[10, 11, 37];[10, 11, 37];0
2;[36, 43];[36, 43];0
3;[4, 10, 11, 12, 18, 21, 39, 50, 52];[4, 10, 11, 12, 18, 21, 39, 50, 52];0
4;[5, 6, 7, 17, 26, 27, 30, 32, 33, 34, 44, 46, 49];[5, 6, 7, 17, 26, 27, 30, 32, 33, 34, 44, 46, 49];0
5;[10, 11, 12, 21, 30, 42, 44, 50];[10, 11, 12, 21, 30, 42, 44, 50];0
6;[5, 8, 10, 11, 12, 16, 18, 21, 23, 27, 37, 38, 53];[5, 8, 10, 11, 12, 16, 18, 21, 23, 27, 37, 38, 53];0
7;[41, 42, 43, 44];[41, 42, 43, 44];0
8;[5, 8, 10, 11, 12, 16, 18, 21, 23, 27, 37, 38];[5, 8, 10, 11, 12, 16, 18, 21, 23, 27, 37, 38];0
9;[5, 8, 10, 11, 12, 14, 16, 18, 21, 23, 27, 37, 38, 50, 51, 52, 53];[5, 8, 10, 11, 12, 14, 16, 18, 21, 23, 27, 37, 38, 50, 51, 52, 53];0
10;[2, 3, 4, 5, 6, 7, 8, 9, 11, 12, 15, 16, 17, 18, 21, 22, 23, 24, 25, 26, 27, 30, 31, 32, 34, 35, 39, 41, 42, 43, 44, 45, 46, 47, 50, 51, 52, 53, 54, 55];[2, 3, 4, 5, 6, 7, 8, 9, 11, 12, 15, 16, 17, 18, 21, 22, 23, 24, 25, 26, 27, 30, 31, 32, 34, 35, 39, 41, 42, 43, 44, 45, 46, 47, 50, 51, 52, 53, 54, 55];0
11;[4, 5, 6, 7, 8, 11, 12, 16, 18, 21, 22, 24, 29, 30, 32, 37, 38, 41, 42, 43, 44, 50, 51, 52, 53, 54];[4, 5, 6, 7, 8, 11, 12, 16, 18, 21, 22, 24, 29, 30, 32, 37, 38, 41, 42, 43, 44, 50, 51, 52, 53, 54];0
12;[2, 3, 4, 5, 6, 7, 8, 9, 10, 11, 12, 14, 15, 16, 17, 18, 19, 20, 21, 22, 23, 24, 27, 29, 30, 31, 32, 33, 34, 35, 36, 39, 40, 41, 42, 43, 44, 46, 50, 51, 52, 53, 54];[2, 3, 4, 5, 6, 7, 8, 9, 10, 11, 12, 14, 15, 16, 17, 18, 19, 20, 21, 22, 23, 24, 27, 29, 30, 31, 32, 33, 34, 35, 36, 39, 40, 41, 42, 43, 44, 46, 50, 51, 52, 53, 54];0
13;[2, 3, 4, 5, 6, 7, 8, 9, 10, 11, 12, 14, 15, 16, 17, 18, 19, 20, 21, 22, 23, 24, 25, 26, 27, 29, 30, 31, 32, 33, 34, 35, 36, 37, 38, 39, 40, 41, 42, 43, 44, 45, 46, 47, 50, 51, 52, 53, 54];[2, 3, 4, 5, 6, 7, 8, 9, 10, 11, 12, 14, 15, 16, 17, 18, 19, 20, 21, 22, 23, 24, 25, 26, 27, 29, 30, 31, 32, 33, 34, 35, 36, 37, 38, 39, 40, 41, 42, 43, 44, 45, 46, 47, 50, 51, 52, 53, 54];0
14;[3, 4, 5, 6, 8, 11, 12, 15, 17, 20, 21, 22, 23, 26, 27, 30, 31, 32, 35, 39, 41, 42, 43, 44, 45, 46, 50];[3, 4, 5, 6, 8, 11, 12, 15, 17, 20, 21, 22, 23, 26, 27, 30, 31, 32, 35, 39, 41, 42, 43, 44, 45, 46, 50];0
15;[42, 43];[42, 43];0
16;[4, 5, 6, 7, 8, 9, 11, 12, 15, 16, 18, 21, 22, 24, 29, 30, 40, 41, 42, 43, 44, 50, 51, 53];[4, 5, 6, 7, 8, 9, 11, 12, 15, 16, 18, 21, 22, 24, 29, 30, 40, 41, 42, 43, 44, 50, 51, 53];0
17;[10, 11, 13, 21, 52];[10, 11, 13, 21, 52];0
18;[28, 30, 31, 35, 41, 42, 43, 44];[28, 30, 31, 35, 41, 42, 43, 44];0
19;[0, 2, 3, 4, 5, 6, 7, 8, 9, 10, 11, 12, 13, 14, 15, 16, 17, 18, 19, 20, 21, 22, 23, 24, 25, 26, 27, 29, 30, 31, 32, 33, 34, 35, 36, 37, 38, 39, 40, 41, 42, 43, 44, 45, 46, 47, 49, 50, 51, 52, 53, 54, 55];[0, 2, 3, 4, 5, 6, 7, 8, 9, 10, 11, 12, 13, 14, 15, 16, 17, 18, 19, 20, 21, 22, 23, 24, 25, 26, 27, 29, 30, 31, 32, 33, 34, 35, 36, 37, 38, 39, 40, 41, 42, 43, 44, 45, 46, 47, 49, 50, 51, 52, 53, 54, 55];1
20;[42, 43];[42, 43];0
21;[2, 3, 4, 5, 6, 7, 8, 9, 10, 11, 12, 14, 15, 16, 17, 18, 19, 20, 21, 22, 23, 24, 25, 26, 27, 29, 30, 31, 32, 33, 34, 35, 36, 39, 40, 41, 42, 43, 44, 45, 46, 47, 48, 50, 51, 52, 53, 54];[2, 3, 4, 5, 6, 7, 8, 9, 10, 11, 12, 14, 15, 16, 17, 18, 19, 20, 21, 22, 23, 24, 25, 26, 27, 29, 30, 31, 32, 33, 34, 35, 36, 39, 40, 41, 42, 43, 44, 45, 46, 47, 48, 50, 51, 52, 53, 54];0
22;[35, 43];[35, 43];0
23;[2, 3, 4, 5, 6, 7, 8, 9, 10, 11, 12, 14, 15, 16, 17, 18, 19, 20, 21, 22, 23, 24, 25, 26, 27, 29, 30, 31, 32, 33, 34, 35, 36, 39, 40, 41, 42, 43, 44, 45, 46, 47, 50, 51, 52, 53, 54];[2, 3, 4, 5, 6, 7, 8, 9, 10, 11, 12, 14, 15, 16, 17, 18, 19, 20, 21, 22, 23, 24, 25, 26, 27, 29, 30, 31, 32, 33, 34, 35, 36, 39, 40, 41, 42, 43, 44, 45, 46, 47, 50, 51, 52, 53, 54];0
24;[2, 3, 4, 5, 6, 7, 8, 9, 10, 11, 12, 14, 15, 16, 17, 18, 19, 20, 21, 22, 23, 24, 27, 29, 30, 31, 32, 33, 34, 35, 36, 37, 38, 39, 40, 41, 42, 43, 44, 46, 50, 51, 52, 53, 54];[2, 3, 4, 5, 6, 7, 8, 9, 10, 11, 12, 14, 15, 16, 17, 18, 19, 20, 21, 22, 23, 24, 27, 29, 30, 31, 32, 33, 34, 35, 36, 37, 38, 39, 40, 41, 42, 43, 44, 46, 50, 51, 52, 53, 54];0
25;[2, 3, 4, 5, 6, 7, 8, 9, 10, 11, 12, 14, 15, 16, 17, 18, 19, 20, 21, 22, 23, 24, 25, 26, 27, 29, 30, 31, 32, 33, 34, 35, 36, 37, 38, 39, 40, 41, 42, 43, 44, 45, 46, 47, 50, 51, 52, 53, 54];[2, 3, 4, 5, 6, 7, 8, 9, 10, 11, 12, 14, 15, 16, 17, 18, 19, 20, 21, 22, 23, 24, 25, 26, 27, 29, 30, 31, 32, 33, 34, 35, 36, 37, 38, 39, 40, 41, 42, 43, 44, 45, 46, 47, 50, 51, 52, 53, 54];0
26;[43, 46];[43, 46];0
27;[2, 3, 4, 5, 6, 7, 8, 9, 10, 11, 12, 14, 15, 16, 17, 18, 19, 20, 21, 22, 23, 24, 25, 26, 27, 29, 30, 31, 32, 33, 34, 35, 36, 39, 40, 41, 42, 43, 44, 45, 46, 47, 50, 51, 52, 53, 54];[2, 3, 4, 5, 6, 7, 8, 9, 10, 11, 12, 14, 15, 16, 17, 18, 19, 20, 21, 22, 23, 24, 25, 26, 27, 29, 30, 31, 32, 33, 34, 35, 36, 39, 40, 41, 42, 43, 44, 45, 46, 47, 50, 51, 52, 53, 54];0
28;[30, 42, 43, 44];[30, 42, 43, 44];0
