[Priors]
[0.61, 0.61, 0.21000000000000002, 0.21000000000000002, 0.21000000000000002, 0.21000000000000002, 0.21000000000000002, 0.21000000000000002, 0.21000000000000002, 0.21000000000000002, 0.21000000000000002, 0.21000000000000002, 0.21000000000000002, 0.21000000000000002, 0.21000000000000002]
[Bugs]
0
1
[InitialTests]
0
1
[TestDetails]
0;[1, 2, 3, 4, 5, 6, 7, 8, 10, 11, 13, 14];[1, 2, 3, 4, 5, 6, 7, 8, 10, 11, 13, 14];1
1;[2, 3, 5, 7, 8, 10];[2, 3, 5, 7, 8, 10];0
2;[2, 3, 4, 5, 7, 9, 11, 12, 14];[2, 3, 4, 5, 7, 9, 11, 12, 14];0
3;[2, 3, 4, 7, 8, 11, 12, 13];[2, 3, 4, 7, 8, 11, 12, 13];0
4;[2, 5, 7, 10, 11, 12, 13];[2, 5, 7, 10, 11, 12, 13];0
5;[7, 8, 10, 13];[7, 8, 10, 13];0
6;[0, 1, 2, 3, 4, 5, 9, 10, 11, 12, 14];[0, 1, 2, 3, 4, 5, 9, 10, 11, 12, 14];1
