[Priors]
[0.01, 1.01, 1.01, 0.01, 0.01, 0.01, 0.01, 0.01, 0.01, 0.01, 0.01, 0.01, 1.01, 0.01, 0.01, 0.01, 0.01, 1.01, 0.01, 0.01]
[Bugs]
0
1
2
3
4
5
[InitialTests]
0
1
[TestDetails]
0;[0, 2, 3, 6, 8, 9, 10, 11, 12, 14, 15, 19];[0, 2, 3, 6, 8, 9, 10, 11, 12, 14, 15, 19];1
1;[14, 15, 19];[14, 15, 19];0
2;[14, 15, 19];[14, 15, 19];0
3;[13];[13];0
4;[7, 8, 10, 11, 13, 18];[7, 8, 10, 11, 13, 18];0
5;[0, 1, 5, 6, 7, 8, 10, 11, 12, 13, 16, 17, 18, 19];[0, 1, 5, 6, 7, 8, 10, 11, 12, 13, 16, 17, 18, 19];1
6;[14, 15, 19];[14, 15, 19];0
7;[6, 9, 10, 17];[6, 9, 10, 17];0
8;[2, 4, 5, 6, 7, 8, 10, 11, 12, 18];[2, 4, 5, 6, 7, 8, 10, 11, 12, 18];1
9;[15];[15];0
10;[7, 11, 16, 17];[7, 11, 16, 17];0
