[Priors]
[0.61, 0.61, 0.61, 0.61, 0.61, 0.61, 0.61, 0.61, 0.11, 0.11, 0.11, 0.11, 0.11, 0.11, 0.11, 0.11, 0.11, 0.11, 0.11, 0.11, 0.11, 0.11]
[Bugs]
0
1
2
3
4
5
6
7
[InitialTests]
0
2
1
3
[TestDetails]
0;[0, 1, 3, 5, 8, 10, 11, 12, 14, 15, 17, 21];[0, 1, 3, 5, 8, 10, 11, 12, 14, 15, 17, 21];1
1;[17];[17];0
2;[0, 1, 2, 3, 5, 7, 9, 12, 13, 15, 19, 20];[0, 1, 2, 3, 5, 7, 9, 12, 13, 15, 19, 20];1
3;[17];[17];0
4;[17];[17];0
5;[17];[17];0
6;[17];[17];0
7;[17];[17];0
8;[0, 5, 6, 7, 13, 15, 16, 20, 21];[0, 5, 6, 7, 13, 15, 16, 20, 21];1
9;[0, 3, 4, 7, 9, 11, 12, 14, 15, 16, 18, 19, 20, 21];[0, 3, 4, 7, 9, 11, 12, 14, 15, 16, 18, 19, 20, 21];1
10;[17];[17];0
11;[10, 11, 12, 15, 18, 19, 20, 21];[10, 11, 12, 15, 18, 19, 20, 21];0
12;[17];[17];0
