[Priors]
[0.61, 0.61, 0.61, 0.61, 0.21000000000000002, 0.21000000000000002, 0.21000000000000002, 0.21000000000000002, 0.21000000000000002, 0.21000000000000002, 0.21000000000000002, 0.21000000000000002, 0.21000000000000002, 0.21000000000000002, 0.21000000000000002, 0.21000000000000002, 0.21000000000000002]
[Bugs]
0
1
2
3
[InitialTests]
0
2
6
1
3
4
[TestDetails]
0;[0, 2, 4, 11, 14];[0, 2, 4, 11, 14];1
1;[14];[14];0
2;[2, 4, 5, 6, 7, 10, 12, 14, 15, 16];[2, 4, 5, 6, 7, 10, 12, 14, 15, 16];1
3;[12];[12];0
4;[4, 7, 9, 12, 13, 14];[4, 7, 9, 12, 13, 14];0
5;[12];[12];0
6;[0, 2, 3, 4, 5, 6, 7, 8, 12, 13, 14, 15];[0, 2, 3, 4, 5, 6, 7, 8, 12, 13, 14, 15];1
7;[0, 1, 2, 4, 6, 7, 8, 9, 10, 13, 14, 15];[0, 1, 2, 4, 6, 7, 8, 9, 10, 13, 14, 15];1
8;[15];[15];0
