[Priors]
[0.61, 0.61, 0.61, 0.61, 0.61, 0.61, 0.11, 0.11, 0.11, 0.11, 0.11, 0.11, 0.11, 0.11, 0.11, 0.11, 0.11]
[Bugs]
0
1
2
3
4
5
[InitialTests]
0
5
10
1
2
3
[TestDetails]
0;[0, 3, 4, 5, 6, 7, 9, 10, 13, 14, 15];[0, 3, 4, 5, 6, 7, 9, 10, 13, 14, 15];1
1;[12];[12];0
2;[15];[15];0
3;[9];[9];0
4;[13, 14, 15];[13, 14, 15];0
5;[0, 2, 5, 6, 9, 11, 12];[0, 2, 5, 6, 9, 11, 12];1
6;[13, 14, 15];[13, 14, 15];0
7;[13, 14, 15];[13, 14, 15];0
8;[13, 14, 15];[13, 14, 15];0
9;[12];[12];0
10;[0, 1, 3, 6, 7, 8, 9, 13, 14, 15];[0, 1, 3, 6, 7, 8, 9, 13, 14, 15];1
11;[6, 7, 9, 11];[6, 7, 9, 11];0
12;[12];[12];0
13;[0, 3, 5, 6, 7, 8, 9, 10, 13, 14, 15, 16];[0, 3, 5, 6, 7, 8, 9, 10, 13, 14, 15, 16];1
14;[14];[14];0
