[Priors]
[0.61, 0.61, 0.61, 0.61, 0.61, 0.01, 0.01, 0.01, 0.01, 0.01, 0.01, 0.01, 0.01, 0.01, 0.01, 0.01, 0.01]
[Bugs]
0
1
2
3
4
[InitialTests]
0
5
7
1
2
3
[TestDetails]
0;[0, 1, 3, 5, 7, 8, 9, 11, 14];[0, 1, 3, 5, 7, 8, 9, 11, 14];1
1;[15];[15];0
2;[14];[14];0
3;[7, 9, 10, 11, 15];[7, 9, 10, 11, 15];0
4;[7, 9, 10, 11, 15];[7, 9, 10, 11, 15];0
5;[0, 1, 3, 4, 5, 7, 11, 12, 13, 14];[0, 1, 3, 4, 5, 7, 11, 12, 13, 14];1
6;[7];[7];0
7;[3, 5, 6, 7, 9, 10, 11, 12, 15, 16];[3, 5, 6, 7, 9, 10, 11, 12, 15, 16];1
8;[15];[15];0
9;[15];[15];0
10;[7, 9, 10, 11, 15];[7, 9, 10, 11, 15];0
11;[15];[15];0
12;[15];[15];0
13;[0, 2, 3, 7, 11, 12, 13, 14, 16];[0, 2, 3, 7, 11, 12, 13, 14, 16];1
