[Priors]
[0.1, 0.1, 0.1, 0.1, 0.1, 0.1, 0.1, 0.1, 0.1, 0.1, 0.1, 0.1, 0.1]
[Bugs]
0
1
[InitialTests]
0
1
[TestDetails]
0;[0, 1, 2, 3, 4, 5, 6, 7, 9, 10, 11, 12];[0, 1, 2, 3, 4, 5, 6, 7, 9, 10, 11, 12];1
1;[3, 4, 5, 6, 9, 10];[3, 4, 5, 6, 9, 10];0
2;[2, 3, 4, 5, 6, 7, 12];[2, 3, 4, 5, 6, 7, 12];0
3;[2, 3, 4, 5, 6, 7, 12];[2, 3, 4, 5, 6, 7, 12];0
4;[5, 6, 10];[5, 6, 10];0
5;[6];[6];0
6;[2, 3, 5, 7];[2, 3, 5, 7];0
7;[2, 3, 4, 5, 6, 7, 10, 11, 12];[2, 3, 4, 5, 6, 7, 10, 11, 12];0
8;[1, 5, 7, 8];[1, 5, 7, 8];1
