[Priors]
[0.61, 0.61, 0.01, 0.01, 0.01, 0.01, 0.01, 0.01, 0.01, 0.01, 0.01, 0.01, 0.01, 0.01, 0.01]
[Bugs]
0
1
[InitialTests]
0
1
2
3
[TestDetails]
0;[0, 1, 2, 3, 4, 5, 6, 7, 8, 9, 10, 11, 12, 13, 14];[0, 1, 2, 3, 4, 5, 6, 7, 8, 9, 10, 11, 12, 13, 14];1
1;[6, 7, 8, 12];[6, 7, 8, 12];0
2;[14];[14];0
3;[6, 7, 9, 10];[6, 7, 9, 10];0
4;[4, 6, 7, 10, 11, 12, 13];[4, 6, 7, 10, 11, 12, 13];0
5;[5];[5];0
6;[6, 7, 11];[6, 7, 11];0
7;[2, 6, 7, 10, 11];[2, 6, 7, 10, 11];0
8;[3, 4];[3, 4];0
9;[1, 6];[1, 6];0
