[Priors]
[0.61, 0.21000000000000002, 0.21000000000000002, 0.21000000000000002, 0.21000000000000002, 0.21000000000000002, 0.21000000000000002, 0.21000000000000002, 0.21000000000000002, 0.21000000000000002, 0.21000000000000002, 0.21000000000000002, 0.21000000000000002, 0.21000000000000002, 0.21000000000000002, 0.21000000000000002, 0.21000000000000002, 0.21000000000000002, 0.21000000000000002]
[Bugs]
0
[InitialTests]
0
1
[TestDetails]
0;[0, 1, 2, 3, 4, 5, 6, 7, 8, 9, 10, 11, 12, 13, 14, 15, 16, 17, 18];[0, 1, 2, 3, 4, 5, 6, 7, 8, 9, 10, 11, 12, 13, 14, 15, 16, 17, 18];1
1;[3, 4, 6, 7, 10, 15, 16, 18];[3, 4, 6, 7, 10, 15, 16, 18];0
2;[4, 7, 11, 12, 13, 16, 17];[4, 7, 11, 12, 13, 16, 17];0
3;[1, 2, 4, 5, 6, 7, 8, 10, 11, 16, 17, 18];[1, 2, 4, 5, 6, 7, 8, 10, 11, 16, 17, 18];0
4;[1, 4, 6, 10, 11, 12, 15, 16, 17];[1, 4, 6, 10, 11, 12, 15, 16, 17];0
5;[7, 8, 10, 11, 14, 16, 17, 18];[7, 8, 10, 11, 14, 16, 17, 18];0
6;[0, 1, 2, 3, 4, 6, 7, 10, 14, 17, 18];[0, 1, 2, 3, 4, 6, 7, 10, 14, 17, 18];0
