[Priors]
[0.61, 0.11, 0.11, 0.11, 0.11, 0.11, 0.11, 0.11, 0.11, 0.11, 0.11, 0.11, 0.11, 0.11, 0.11, 0.11, 0.11, 0.11, 0.11, 0.11, 0.11, 0.11]
[Bugs]
0
[InitialTests]
0
1
[TestDetails]
0;[0, 1, 3, 4, 5, 6, 7, 8, 9, 10, 11, 12, 13, 14, 17, 18, 19];[0, 1, 3, 4, 5, 6, 7, 8, 9, 10, 11, 12, 13, 14, 17, 18, 19];1
1;[9, 21];[9, 21];0
2;[9];[9];0
3;[5, 7, 8, 9, 10, 11, 12, 14, 17, 20];[5, 7, 8, 9, 10, 11, 12, 14, 17, 20];0
4;[1, 5, 14];[1, 5, 14];0
5;[6, 12, 16];[6, 12, 16];0
6;[7, 8, 9, 10, 12, 14, 18, 19];[7, 8, 9, 10, 12, 14, 18, 19];0
7;[1, 4, 5, 6, 10, 12, 13, 14, 15];[1, 4, 5, 6, 10, 12, 13, 14, 15];0
8;[0, 1, 2, 4, 5, 6, 7, 9, 10, 11, 12, 14, 15, 16, 18, 20, 21];[0, 1, 2, 4, 5, 6, 7, 9, 10, 11, 12, 14, 15, 16, 18, 20, 21];1
