[Priors]
[0.61, 0.01, 0.01, 0.01, 0.01, 0.01, 0.01, 0.01, 0.01, 0.01, 0.01, 0.01, 0.01, 0.01, 0.01, 0.01, 0.01, 0.01, 0.01, 0.01, 0.01, 0.01, 0.01, 0.01, 0.01, 0.01, 0.01, 0.01, 0.01, 0.01, 0.01, 0.01, 0.01, 0.01, 0.01, 0.01, 0.01, 0.01, 0.01, 0.01, 0.01, 0.01]
[Bugs]
0
[InitialTests]
0
1
[TestDetails]
0;[0, 1, 2, 4, 5, 6, 7, 8, 9, 10, 11, 12, 13, 14, 15, 16, 17, 18, 19, 20, 21, 22, 23, 24, 25, 26, 27, 28, 29, 30, 31, 32, 33, 34, 35, 36, 37, 38, 39, 40, 41];[0, 1, 2, 4, 5, 6, 7, 8, 9, 10, 11, 12, 13, 14, 15, 16, 17, 18, 19, 20, 21, 22, 23, 24, 25, 26, 27, 28, 29, 30, 31, 32, 33, 34, 35, 36, 37, 38, 39, 40, 41];1
1;[1, 4, 5, 12, 13, 14, 22, 25, 26, 29, 36];[1, 4, 5, 12, 13, 14, 22, 25, 26, 29, 36];0
2;[5, 6, 16, 37, 38];[5, 6, 16, 37, 38];0
3;[5, 6, 11, 14, 16, 17, 18, 31, 34, 35, 39, 40, 41];[5, 6, 11, 14, 16, 17, 18, 31, 34, 35, 39, 40, 41];0
4;[1, 8, 9, 12, 22, 24, 27, 28, 33, 39, 41];[1, 8, 9, 12, 22, 24, 27, 28, 33, 39, 41];0
5;[1, 6, 8, 9, 12, 13, 14, 15, 16, 17, 18, 19, 22, 23, 24, 25, 26, 27, 28, 30, 32, 34, 36, 37, 39, 40, 41];[1, 6, 8, 9, 12, 13, 14, 15, 16, 17, 18, 19, 22, 23, 24, 25, 26, 27, 28, 30, 32, 34, 36, 37, 39, 40, 41];0
6;[5, 6, 7, 8, 10, 14, 16, 17, 18, 19, 20, 22, 24, 25, 27, 29, 30, 31, 32, 33, 34, 36, 37, 38, 39];[5, 6, 7, 8, 10, 14, 16, 17, 18, 19, 20, 22, 24, 25, 27, 29, 30, 31, 32, 33, 34, 36, 37, 38, 39];0
7;[9, 12, 20, 21, 27, 29, 32, 34, 41];[9, 12, 20, 21, 27, 29, 32, 34, 41];0
8;[0, 1, 3, 5, 6, 7, 11, 12, 13, 14, 18, 19, 22, 23, 24, 27, 28, 29, 34, 36, 39, 41];[0, 1, 3, 5, 6, 7, 11, 12, 13, 14, 18, 19, 22, 23, 24, 27, 28, 29, 34, 36, 39, 41];1
