[Priors]
[0.61, 0.11, 0.11, 0.11, 0.11, 0.11, 0.11, 0.11, 0.11, 0.11, 0.11, 0.11, 0.11, 0.11, 0.11, 0.11, 0.11, 0.11, 0.11, 0.11, 0.11, 0.11, 0.11, 0.11, 0.11, 0.11, 0.11, 0.11, 0.11, 0.11, 0.11, 0.11, 0.11, 0.11, 0.11, 0.11, 0.11, 0.11, 0.11, 0.11, 0.11, 0.11, 0.11, 0.11, 0.11, 0.11, 0.11, 0.11, 0.11, 0.11, 0.11, 0.11, 0.11, 0.11, 0.11, 0.11, 0.11, 0.11, 0.11, 0.11, 0.11, 0.11, 0.11, 0.11, 0.11, 0.11, 0.11, 0.11, 0.11, 0.11, 0.11, 0.11, 0.11, 0.11, 0.11, 0.11, 0.11, 0.11, 0.11, 0.11, 0.11, 0.11, 0.11, 0.11, 0.11, 0.11, 0.11, 0.11, 0.11, 0.11, 0.11, 0.11, 0.11, 0.11]
[Bugs]
0
[InitialTests]
0
20
1
2
[TestDetails]
0;[0, 1, 2, 3, 4, 5, 6, 7, 8, 11, 12, 13, 14, 15, 16, 20, 21, 22, 23, 24, 25, 26, 27, 28, 29, 30, 31, 32, 33, 34, 39, 40, 41, 42, 43, 44, 45, 46, 47, 48, 49, 50, 51, 52, 53, 54, 55, 56, 57, 58, 59, 60, 61, 62, 63, 64, 65, 66, 67, 69, 70, 71, 72, 73, 74, 75, 76, 77, 81, 82, 83, 84, 85, 86, 87, 88, 89, 90, 91, 93];[0, 1, 2, 3, 4, 5, 6, 7, 8, 11, 12, 13, 14, 15, 16, 20, 21, 22, 23, 24, 25, 26, 27, 28, 29, 30, 31, 32, 33, 34, 39, 40, 41, 42, 43, 44, 45, 46, 47, 48, 49, 50, 51, 52, 53, 54, 55, 56, 57, 58, 59, 60, 61, 62, 63, 64, 65, 66, 67, 69, 70, 71, 72, 73, 74, 75, 76, 77, 81, 82, 83, 84, 85, 86, 87, 88, 89, 90, 91, 93];1
1;[4, 6, 7, 8, 11, 12, 13, 14, 15, 16, 19, 20, 21, 22, 23, 24, 25, 30, 31, 32, 33, 34, 40, 41, 48, 49, 52, 54, 58, 59, 61, 62, 65, 69, 70, 71, 76, 81, 82, 83, 86, 92];[4, 6, 7, 8, 11, 12, 13, 14, 15, 16, 19, 20, 21, 22, 23, 24, 25, 30, 31, 32, 33, 34, 40, 41, 48, 49, 52, 54, 58, 59, 61, 62, 65, 69, 70, 71, 76, 81, 82, 83, 86, 92];0
2;[1, 3, 4, 5, 6, 7, 8, 11, 12, 13, 14, 15, 16, 19, 20, 21, 22, 23, 24, 25, 26, 28, 29, 30, 31, 33, 34, 39, 46, 47, 48, 49, 50, 51, 55, 56, 57, 58, 59, 61, 62, 63, 64, 65, 66, 67, 68, 69, 70, 75, 76, 77, 78, 84, 85, 86, 87, 88, 89, 91, 92, 93];[1, 3, 4, 5, 6, 7, 8, 11, 12, 13, 14, 15, 16, 19, 20, 21, 22, 23, 24, 25, 26, 28, 29, 30, 31, 33, 34, 39, 46, 47, 48, 49, 50, 51, 55, 56, 57, 58, 59, 61, 62, 63, 64, 65, 66, 67, 68, 69, 70, 75, 76, 77, 78, 84, 85, 86, 87, 88, 89, 91, 92, 93];0
3;[8];[8];0
4;[11];[11];0
5;[93];[93];0
6;[1, 4, 5, 8, 13, 15, 19, 20, 21, 22, 23, 24, 28, 29, 30, 31, 32, 33, 39, 41, 42, 43, 44, 45, 46, 48, 50, 51, 53, 54, 57, 58, 60, 61, 62, 63, 64, 65, 68, 69, 86, 91, 92, 93];[1, 4, 5, 8, 13, 15, 19, 20, 21, 22, 23, 24, 28, 29, 30, 31, 32, 33, 39, 41, 42, 43, 44, 45, 46, 48, 50, 51, 53, 54, 57, 58, 60, 61, 62, 63, 64, 65, 68, 69, 86, 91, 92, 93];0
7;[1, 3, 4, 5, 6, 7, 8, 11, 12, 13, 15, 18, 20, 21, 22, 23, 24, 25, 26, 28, 29, 30, 31, 32, 34, 35, 36, 38, 39, 40, 41, 42, 43, 44, 45, 46, 47, 48, 50, 51, 57, 58, 60, 63, 64, 65, 66, 67, 68, 69, 70, 72, 73, 84, 85, 86, 88, 91, 93];[1, 3, 4, 5, 6, 7, 8, 11, 12, 13, 15, 18, 20, 21, 22, 23, 24, 25, 26, 28, 29, 30, 31, 32, 34, 35, 36, 38, 39, 40, 41, 42, 43, 44, 45, 46, 47, 48, 50, 51, 57, 58, 60, 63, 64, 65, 66, 67, 68, 69, 70, 72, 73, 84, 85, 86, 88, 91, 93];0
8;[1, 4, 5, 6, 7, 8, 9, 11, 12, 13, 14, 15, 16, 19, 20, 21, 22, 23, 24, 25, 26, 28, 29, 30, 31, 32, 33, 34, 39, 40, 41, 47, 48, 50, 51, 52, 53, 54, 55, 56, 57, 58, 59, 60, 61, 62, 63, 64, 65, 66, 67, 69, 70, 71, 72, 73, 74, 75, 82, 86, 87, 89, 91, 92, 93];[1, 4, 5, 6, 7, 8, 9, 11, 12, 13, 14, 15, 16, 19, 20, 21, 22, 23, 24, 25, 26, 28, 29, 30, 31, 32, 33, 34, 39, 40, 41, 47, 48, 50, 51, 52, 53, 54, 55, 56, 57, 58, 59, 60, 61, 62, 63, 64, 65, 66, 67, 69, 70, 71, 72, 73, 74, 75, 82, 86, 87, 89, 91, 92, 93];0
9;[24, 93];[24, 93];0
10;[11, 20];[11, 20];0
11;[4, 6, 7, 8, 11, 12, 13, 19, 20, 21, 22, 24, 28, 31, 32, 33, 34, 42, 45, 47, 50, 52, 54, 55, 61, 63, 65, 69, 75, 84, 85, 86, 87, 89, 91, 92, 93];[4, 6, 7, 8, 11, 12, 13, 19, 20, 21, 22, 24, 28, 31, 32, 33, 34, 42, 45, 47, 50, 52, 54, 55, 61, 63, 65, 69, 75, 84, 85, 86, 87, 89, 91, 92, 93];0
12;[31, 92, 93];[31, 92, 93];0
13;[1, 4, 5, 6, 7, 8, 11, 12, 17, 18, 20, 21, 24, 30, 31, 35, 37, 92];[1, 4, 5, 6, 7, 8, 11, 12, 17, 18, 20, 21, 24, 30, 31, 35, 37, 92];0
14;[4, 5, 7, 8, 11, 12, 13, 17, 18, 19, 20, 24, 28, 31, 33, 38, 50, 63, 69, 84, 86, 89, 91, 92, 93];[4, 5, 7, 8, 11, 12, 13, 17, 18, 19, 20, 24, 28, 31, 33, 38, 50, 63, 69, 84, 86, 89, 91, 92, 93];0
15;[4, 13, 19, 20, 21, 22, 23, 24, 31, 34, 46, 47, 51, 68, 69, 75, 88];[4, 13, 19, 20, 21, 22, 23, 24, 31, 34, 46, 47, 51, 68, 69, 75, 88];0
16;[11, 12, 91, 92, 93];[11, 12, 91, 92, 93];0
17;[4, 6, 7, 8, 11, 12, 13, 15, 16, 19, 20, 21, 22, 23, 24, 25, 27, 30, 31, 33, 34, 47, 49, 50, 61, 62, 65, 66, 69, 72, 75, 82, 84, 85, 86, 87, 89, 92, 93];[4, 6, 7, 8, 11, 12, 13, 15, 16, 19, 20, 21, 22, 23, 24, 25, 27, 30, 31, 33, 34, 47, 49, 50, 61, 62, 65, 66, 69, 72, 75, 82, 84, 85, 86, 87, 89, 92, 93];0
18;[1, 4, 5, 6, 7, 8, 9, 11, 12, 13, 14, 15, 16, 19, 20, 21, 22, 23, 24, 25, 30, 31, 32, 33, 34, 39, 40, 41, 46, 47, 48, 50, 51, 52, 53, 54, 55, 56, 57, 58, 59, 60, 61, 62, 63, 64, 65, 66, 67, 68, 69, 70, 71, 72, 73, 74, 75, 76, 77, 78, 79, 80, 81, 82, 86, 87, 89, 90, 92, 93];[1, 4, 5, 6, 7, 8, 9, 11, 12, 13, 14, 15, 16, 19, 20, 21, 22, 23, 24, 25, 30, 31, 32, 33, 34, 39, 40, 41, 46, 47, 48, 50, 51, 52, 53, 54, 55, 56, 57, 58, 59, 60, 61, 62, 63, 64, 65, 66, 67, 68, 69, 70, 71, 72, 73, 74, 75, 76, 77, 78, 79, 80, 81, 82, 86, 87, 89, 90, 92, 93];0
19;[1, 4, 5, 6, 7, 8, 9, 11, 12, 13, 14, 15, 16, 19, 20, 21, 22, 23, 24, 25, 27, 28, 29, 30, 31, 33, 39, 47, 48, 49, 50, 51, 61, 62, 63, 64, 65, 66, 69, 70, 72, 75, 80, 83, 86, 87, 89, 91, 92, 93];[1, 4, 5, 6, 7, 8, 9, 11, 12, 13, 14, 15, 16, 19, 20, 21, 22, 23, 24, 25, 27, 28, 29, 30, 31, 33, 39, 47, 48, 49, 50, 51, 61, 62, 63, 64, 65, 66, 69, 70, 72, 75, 80, 83, 86, 87, 89, 91, 92, 93];0
20;[0, 1, 4, 5, 6, 7, 8, 9, 10, 11, 12, 13, 14, 15, 16, 17, 18, 19, 20, 21, 22, 23, 24, 25, 27, 30, 31, 32, 33, 35, 36, 37, 38, 39, 40, 41, 44, 45, 46, 47, 48, 50, 51, 52, 53, 54, 55, 56, 57, 58, 59, 60, 61, 62, 65, 66, 67, 68, 70, 71, 72, 73, 74, 75, 76, 77, 78, 79, 80, 82, 86, 87, 88, 89, 92];[0, 1, 4, 5, 6, 7, 8, 9, 10, 11, 12, 13, 14, 15, 16, 17, 18, 19, 20, 21, 22, 23, 24, 25, 27, 30, 31, 32, 33, 35, 36, 37, 38, 39, 40, 41, 44, 45, 46, 47, 48, 50, 51, 52, 53, 54, 55, 56, 57, 58, 59, 60, 61, 62, 65, 66, 67, 68, 70, 71, 72, 73, 74, 75, 76, 77, 78, 79, 80, 82, 86, 87, 88, 89, 92];1
