[Priors]
[0.61, 0.21000000000000002, 0.21000000000000002, 0.21000000000000002, 0.21000000000000002, 0.21000000000000002, 0.21000000000000002, 0.21000000000000002, 0.21000000000000002, 0.21000000000000002, 0.21000000000000002, 0.21000000000000002, 0.21000000000000002, 0.21000000000000002, 0.21000000000000002, 0.21000000000000002]
[Bugs]
0
[InitialTests]
0
1
[TestDetails]
0;[0, 1, 2, 3, 4, 5, 6, 7, 8, 9, 10, 11, 12, 13, 14, 15];[0, 1, 2, 3, 4, 5, 6, 7, 8, 9, 10, 11, 12, 13, 14, 15];1
1;[2, 9, 12, 14];[2, 9, 12, 14];0
2;[3, 15];[3, 15];0
3;[2, 6, 7, 8, 10, 12, 13, 14];[2, 6, 7, 8, 10, 12, 13, 14];0
4;[3, 15];[3, 15];0
5;[15];[15];0
6;[2, 5, 6, 8, 9, 11, 12, 14];[2, 5, 6, 8, 9, 11, 12, 14];0
7;[2, 4, 5, 6, 10];[2, 4, 5, 6, 10];0
8;[0, 2, 3, 4, 5, 6, 7, 8, 9, 10, 11, 12, 15];[0, 2, 3, 4, 5, 6, 7, 8, 9, 10, 11, 12, 15];0
