[Priors]
[0.61, 0.61, 0.61, 0.21000000000000002, 0.21000000000000002, 0.21000000000000002, 0.21000000000000002, 0.21000000000000002, 0.21000000000000002, 0.21000000000000002, 0.21000000000000002, 0.21000000000000002]
[Bugs]
0
1
2
[InitialTests]
0
2
5
1
3
4
[TestDetails]
0;[0, 6, 7, 8, 11];[0, 6, 7, 8, 11];1
1;[11];[11];0
2;[0, 3, 4, 5, 6, 7, 9, 11];[0, 3, 4, 5, 6, 7, 9, 11];1
3;[11];[11];0
4;[10, 11];[10, 11];0
5;[0, 2, 4, 5, 6];[0, 2, 4, 5, 6];1
6;[0, 1, 5, 9, 10];[0, 1, 5, 9, 10];1
7;[11];[11];0
