[Priors]
[0.01, 1.01, 1.01, 1.01, 1.01, 1.01, 0.01, 0.01, 0.01, 0.01, 0.01, 0.01, 1.01, 0.01, 1.01, 0.01]
[Bugs]
0
1
2
3
[InitialTests]
0
9
1
2
[TestDetails]
0;[0, 2, 3, 4, 6, 7, 8, 9, 11];[0, 2, 3, 4, 6, 7, 8, 9, 11];1
1;[14, 15];[14, 15];0
2;[12, 13];[12, 13];0
3;[12];[12];0
4;[12];[12];0
5;[6];[6];0
6;[8];[8];0
7;[7, 11];[7, 11];0
8;[4, 6, 9];[4, 6, 9];0
9;[1, 3, 6, 7, 10, 11, 12, 13, 14, 15];[1, 3, 6, 7, 10, 11, 12, 13, 14, 15];1
10;[8];[8];0
11;[12];[12];0
12;[12];[12];0
13;[10, 12];[10, 12];0
14;[7];[7];0
15;[7];[7];0
16;[12];[12];0
17;[6, 9];[6, 9];0
18;[2, 4, 5];[2, 4, 5];1
19;[14];[14];0
20;[10, 12];[10, 12];0
