[Priors]
[0.61, 0.61, 0.61, 0.01, 0.01, 0.01, 0.01, 0.01, 0.01, 0.01, 0.01, 0.01, 0.01, 0.01, 0.01, 0.01, 0.01, 0.01, 0.01, 0.01]
[Bugs]
0
1
2
[InitialTests]
0
2
1
3
[TestDetails]
0;[1, 2, 3, 4, 5, 8, 13, 14, 16, 19];[1, 2, 3, 4, 5, 8, 13, 14, 16, 19];1
1;[16];[16];0
2;[1, 2, 4, 5, 6, 7, 10, 11, 12, 13, 14, 16, 17, 18];[1, 2, 4, 5, 6, 7, 10, 11, 12, 13, 14, 16, 17, 18];1
3;[18];[18];0
4;[19];[19];0
5;[0, 1, 2, 3, 4, 5, 6, 7, 9, 10, 12, 13, 14, 15, 16, 17, 18, 19];[0, 1, 2, 3, 4, 5, 6, 7, 9, 10, 12, 13, 14, 15, 16, 17, 18, 19];1
6;[4, 5, 6, 7, 14, 15];[4, 5, 6, 7, 14, 15];0
7;[4, 5, 6, 7, 14, 15];[4, 5, 6, 7, 14, 15];0
8;[2, 5, 7, 10, 14];[2, 5, 7, 10, 14];0
9;[9, 13, 14, 16, 17];[9, 13, 14, 16, 17];0
