[Priors]
[0.61, 0.61, 0.61, 0.61, 0.01, 0.01, 0.01, 0.01, 0.01, 0.01, 0.01, 0.01, 0.01, 0.01, 0.01, 0.01, 0.01, 0.01]
[Bugs]
0
1
2
3
[InitialTests]
0
5
11
1
2
3
[TestDetails]
0;[0, 2, 4, 5, 6, 7, 8, 9, 10, 11, 12, 15];[0, 2, 4, 5, 6, 7, 8, 9, 10, 11, 12, 15];1
1;[14];[14];0
2;[5, 7, 11, 13];[5, 7, 11, 13];0
3;[11];[11];0
4;[11, 12];[11, 12];0
5;[0, 1, 4, 6, 7, 10, 13, 14, 16, 17];[0, 1, 4, 6, 7, 10, 13, 14, 16, 17];1
6;[11];[11];0
7;[17];[17];0
8;[0, 5, 6, 7, 8, 9, 11];[0, 5, 6, 7, 8, 9, 11];0
9;[14];[14];0
10;[5, 7, 11, 13];[5, 7, 11, 13];0
11;[3, 5, 6, 7, 8, 10, 11, 15, 16];[3, 5, 6, 7, 8, 10, 11, 15, 16];1
12;[14];[14];0
