[Priors]
[0.1, 0.1, 0.1, 0.1, 0.1, 0.1, 0.1, 0.1, 0.1, 0.1, 0.1, 0.1, 0.1, 0.1, 0.1, 0.1, 0.1]
[Bugs]
0
1
[InitialTests]
0
1
[TestDetails]
0;[1, 2, 3, 4, 5, 6, 7, 8, 9, 10, 11, 12, 13, 14, 15];[1, 2, 3, 4, 5, 6, 7, 8, 9, 10, 11, 12, 13, 14, 15];1
1;[5, 9, 14, 15, 16];[5, 9, 14, 15, 16];0
2;[2, 6, 7, 10, 13];[2, 6, 7, 10, 13];0
3;[6, 9, 13];[6, 9, 13];0
4;[2, 5];[2, 5];0
5;[2, 3, 4, 6, 13];[2, 3, 4, 6, 13];0
6;[2, 3, 6, 9, 10, 11, 12];[2, 3, 6, 9, 10, 11, 12];0
7;[2, 3, 4, 6, 12];[2, 3, 4, 6, 12];0
8;[0, 1, 2, 4, 5, 9, 14, 16];[0, 1, 2, 4, 5, 9, 14, 16];1
