[Priors]
[0.61, 0.01, 0.01, 0.01, 0.01, 0.01, 0.01, 0.01, 0.01, 0.01, 0.01, 0.01, 0.01, 0.01, 0.01, 0.01, 0.01, 0.01]
[Bugs]
0
[InitialTests]
0
1
[TestDetails]
0;[0, 3, 4, 5, 6, 7, 8, 9, 10, 11, 12, 13, 16];[0, 3, 4, 5, 6, 7, 8, 9, 10, 11, 12, 13, 16];1
1;[5, 6, 8, 9, 10, 11, 13, 14, 17];[5, 6, 8, 9, 10, 11, 13, 14, 17];0
2;[4, 5];[4, 5];0
3;[4, 5, 6, 7, 13, 14, 15, 16];[4, 5, 6, 7, 13, 14, 15, 16];0
4;[9];[9];0
5;[0, 1, 2, 3, 5, 6, 8, 9, 10, 14, 15, 16, 17];[0, 1, 2, 3, 5, 6, 8, 9, 10, 14, 15, 16, 17];1
6;[3, 4];[3, 4];0
7;[1, 4, 9, 10];[1, 4, 9, 10];0
