[Priors]
[0.61, 0.61, 0.11, 0.11, 0.11, 0.11, 0.11, 0.11, 0.11, 0.11, 0.11, 0.11, 0.11, 0.11, 0.11, 0.11, 0.11, 0.11, 0.11, 0.11, 0.11, 0.11, 0.11, 0.11, 0.11, 0.11, 0.11, 0.11, 0.11, 0.11, 0.11, 0.11, 0.11, 0.11, 0.11, 0.11, 0.11, 0.11, 0.11, 0.11, 0.11, 0.11, 0.11, 0.11, 0.11, 0.11, 0.11, 0.11, 0.11, 0.11, 0.11, 0.11, 0.11, 0.11, 0.11, 0.11, 0.11, 0.11, 0.11, 0.11, 0.11, 0.11, 0.11, 0.11, 0.11, 0.11, 0.11, 0.11, 0.11, 0.11, 0.11, 0.11, 0.11, 0.11]
[Bugs]
0
1
[InitialTests]
0
10
1
2
[TestDetails]
0;[0, 2, 3, 4, 5, 6, 7, 8, 9, 10, 11, 12, 13, 15, 16, 17, 18, 19, 22, 23, 24, 25, 26, 27, 28, 30, 31, 32, 33, 34, 35, 36, 37, 38, 39, 40, 41, 42, 43, 44, 45, 46, 47, 48, 49, 50, 51, 52, 53, 54, 55, 56, 58, 59, 60, 61, 62, 63, 64, 65, 66, 67, 68, 70, 71, 73];[0, 2, 3, 4, 5, 6, 7, 8, 9, 10, 11, 12, 13, 15, 16, 17, 18, 19, 22, 23, 24, 25, 26, 27, 28, 30, 31, 32, 33, 34, 35, 36, 37, 38, 39, 40, 41, 42, 43, 44, 45, 46, 47, 48, 49, 50, 51, 52, 53, 54, 55, 56, 58, 59, 60, 61, 62, 63, 64, 65, 66, 67, 68, 70, 71, 73];1
1;[2, 4, 5, 6, 7, 8, 9, 10, 11, 12, 14, 15, 16, 17, 21, 22, 23, 24, 25, 26, 27, 29, 30, 32, 33, 34, 35, 36, 37, 38, 39, 40, 41, 42, 43, 45, 46, 47, 48, 49, 51, 52, 53, 54, 55, 56, 57, 58, 60, 62, 63, 64, 65, 66, 67, 68, 71, 73];[2, 4, 5, 6, 7, 8, 9, 10, 11, 12, 14, 15, 16, 17, 21, 22, 23, 24, 25, 26, 27, 29, 30, 32, 33, 34, 35, 36, 37, 38, 39, 40, 41, 42, 43, 45, 46, 47, 48, 49, 51, 52, 53, 54, 55, 56, 57, 58, 60, 62, 63, 64, 65, 66, 67, 68, 71, 73];0
2;[63, 64, 65, 68, 71];[63, 64, 65, 68, 71];0
3;[63, 68, 69, 70];[63, 68, 69, 70];0
4;[2, 4, 5, 6, 7, 8, 9, 10, 11, 12, 14, 15, 16, 17, 23, 24, 25, 26, 27, 30, 32, 33, 34, 35, 36, 37, 38, 39, 40, 41, 42, 43, 46, 47, 48, 49, 51, 52, 53, 54, 55, 56, 57, 58, 59, 60, 62, 63, 64, 65, 66, 67, 68, 71, 73];[2, 4, 5, 6, 7, 8, 9, 10, 11, 12, 14, 15, 16, 17, 23, 24, 25, 26, 27, 30, 32, 33, 34, 35, 36, 37, 38, 39, 40, 41, 42, 43, 46, 47, 48, 49, 51, 52, 53, 54, 55, 56, 57, 58, 59, 60, 62, 63, 64, 65, 66, 67, 68, 71, 73];0
5;[28, 37, 42, 52, 53, 55];[28, 37, 42, 52, 53, 55];0
6;[28, 35, 36, 51, 52, 53, 55];[28, 35, 36, 51, 52, 53, 55];0
7;[63, 64, 66, 71, 72];[63, 64, 66, 71, 72];0
8;[28, 35, 51, 52, 53, 55];[28, 35, 51, 52, 53, 55];0
9;[5, 6, 9, 11, 12, 17, 23, 24, 26, 27, 38, 39, 43, 49, 50, 51, 52, 56, 73];[5, 6, 9, 11, 12, 17, 23, 24, 26, 27, 38, 39, 43, 49, 50, 51, 52, 56, 73];0
10;[1, 2, 4, 5, 6, 7, 9, 10, 11, 12, 13, 14, 15, 16, 17, 18, 20, 21, 22, 23, 24, 25, 26, 27, 29, 30, 32, 34, 35, 36, 37, 38, 39, 40, 43, 44, 46, 47, 48, 49, 50, 51, 52, 53, 54, 55, 56, 57, 58, 60, 62, 63, 64, 65, 66, 67, 68, 69, 70, 71, 72, 73];[1, 2, 4, 5, 6, 7, 9, 10, 11, 12, 13, 14, 15, 16, 17, 18, 20, 21, 22, 23, 24, 25, 26, 27, 29, 30, 32, 34, 35, 36, 37, 38, 39, 40, 43, 44, 46, 47, 48, 49, 50, 51, 52, 53, 54, 55, 56, 57, 58, 60, 62, 63, 64, 65, 66, 67, 68, 69, 70, 71, 72, 73];1
11;[2, 4, 5, 6, 7, 8, 9, 10, 11, 12, 14, 15, 16, 17, 24, 25, 26, 27, 32, 34, 35, 36, 37, 38, 39, 40, 42, 43, 46, 48, 49, 51, 52, 53, 55, 56, 58, 60, 62, 63, 64, 65, 66, 67, 68, 71];[2, 4, 5, 6, 7, 8, 9, 10, 11, 12, 14, 15, 16, 17, 24, 25, 26, 27, 32, 34, 35, 36, 37, 38, 39, 40, 42, 43, 46, 48, 49, 51, 52, 53, 55, 56, 58, 60, 62, 63, 64, 65, 66, 67, 68, 71];0
12;[2, 4, 5, 6, 7, 8, 9, 10, 11, 12, 14, 15, 16, 17, 23, 24, 25, 26, 27, 30, 32, 33, 34, 35, 36, 37, 38, 39, 40, 41, 42, 43, 46, 48, 49, 51, 52, 53, 54, 55, 56, 58, 60, 61, 62, 63, 64, 65, 66, 67, 68, 71, 73];[2, 4, 5, 6, 7, 8, 9, 10, 11, 12, 14, 15, 16, 17, 23, 24, 25, 26, 27, 30, 32, 33, 34, 35, 36, 37, 38, 39, 40, 41, 42, 43, 46, 48, 49, 51, 52, 53, 54, 55, 56, 58, 60, 61, 62, 63, 64, 65, 66, 67, 68, 71, 73];0
13;[5, 25, 26, 37, 43, 46, 48, 51, 52, 58];[5, 25, 26, 37, 43, 46, 48, 51, 52, 58];0
14;[24, 28, 38, 39, 40, 48, 56, 62];[24, 28, 38, 39, 40, 48, 56, 62];0
15;[2, 4, 5, 6, 9, 10, 11, 12, 14, 15, 18, 20, 21, 22, 23, 24, 25, 26, 27, 30, 31, 32, 33, 35, 36, 37, 38, 39, 40, 41, 42, 43, 44, 47, 48, 49, 50, 51, 52, 53, 54, 55, 56, 57, 58, 62, 63, 64, 65, 66, 67, 68, 71, 73];[2, 4, 5, 6, 9, 10, 11, 12, 14, 15, 18, 20, 21, 22, 23, 24, 25, 26, 27, 30, 31, 32, 33, 35, 36, 37, 38, 39, 40, 41, 42, 43, 44, 47, 48, 49, 50, 51, 52, 53, 54, 55, 56, 57, 58, 62, 63, 64, 65, 66, 67, 68, 71, 73];0
16;[28, 56, 62];[28, 56, 62];0
17;[4, 5, 6, 9, 10, 11, 12, 15, 16, 18, 19, 23, 24, 30, 38, 39, 41, 43, 51, 52, 53, 54, 55, 56, 58, 60, 62, 73];[4, 5, 6, 9, 10, 11, 12, 15, 16, 18, 19, 23, 24, 30, 38, 39, 41, 43, 51, 52, 53, 54, 55, 56, 58, 60, 62, 73];0
18;[5, 6, 9, 10, 18, 24, 38, 43, 51, 53, 56, 60, 62];[5, 6, 9, 10, 18, 24, 38, 43, 51, 53, 56, 60, 62];0
19;[0, 5, 6, 12, 15, 30, 32, 34, 38, 39, 41, 49, 51, 52, 73];[0, 5, 6, 12, 15, 30, 32, 34, 38, 39, 41, 49, 51, 52, 73];0
20;[63, 64, 65, 66, 67, 68];[63, 64, 65, 66, 67, 68];0
