[Priors]
[0.01, 0.01, 0.01, 0.01, 0.01, 0.01, 0.01, 0.01, 0.01, 0.01, 0.01, 0.01, 0.01, 0.01, 0.01, 0.01, 0.01, 0.01, 0.01, 0.01, 0.01, 0.01, 0.01, 0.01, 0.01, 0.01, 0.01, 0.01, 0.01, 0.01, 0.01, 0.01, 0.01, 0.01, 0.01, 0.01, 0.01, 0.582, 0.29100000000000004, 1.01, 0.01, 0.01, 0.01, 0.01, 0.01, 0.01, 0.01, 0.01, 0.01, 0.01, 0.01, 0.01, 0.01, 0.01, 0.01, 0.01, 0.01, 0.01, 1.01, 0.01, 0.01, 0.01, 0.01, 0.01, 0.01, 0.01, 0.01, 0.011, 0.01, 0.01, 0.01, 0.01, 1.01, 0.01, 0.01, 0.025, 0.01, 0.01, 0.043000000000000003, 0.01, 0.01, 0.076, 0.01, 0.01, 0.01, 0.01, 0.01, 0.01, 0.01, 0.014, 0.305, 0.01, 0.01, 0.01, 0.01]
[Bugs]
0
1
[InitialTests]
0
20
1
2
[TestDetails]
0;[1, 37, 39, 40, 47, 48, 49, 50, 51, 52, 61, 62, 71, 72, 73, 75, 76, 77, 78, 80, 92, 93, 94];[1, 37, 39, 40, 47, 48, 49, 50, 51, 52, 61, 62, 71, 72, 73, 75, 76, 77, 78, 80, 92, 93, 94];1
1;[12, 65, 69, 91];[12, 65, 69, 91];0
2;[40, 44, 73, 74, 75, 76, 78, 92];[40, 44, 73, 74, 75, 76, 78, 92];0
3;[37, 40, 47, 49, 50, 51, 52, 56, 58, 61, 72, 76, 77, 78, 80, 92];[37, 40, 47, 49, 50, 51, 52, 56, 58, 61, 72, 76, 77, 78, 80, 92];0
4;[40, 56, 76, 77, 78, 92];[40, 56, 76, 77, 78, 92];0
5;[40, 46, 73, 74, 75, 76, 78, 92];[40, 46, 73, 74, 75, 76, 78, 92];0
6;[12, 65];[12, 65];0
7;[2, 5, 9, 12, 13, 14, 15, 16, 17, 18, 19, 20, 21, 32, 33, 34, 37, 50, 51, 53, 54, 55, 63, 64, 66, 67, 69, 70, 85, 86, 89, 90];[2, 5, 9, 12, 13, 14, 15, 16, 17, 18, 19, 20, 21, 32, 33, 34, 37, 50, 51, 53, 54, 55, 63, 64, 66, 67, 69, 70, 85, 86, 89, 90];0
8;[37, 39, 40, 41, 43, 50, 51, 52, 55, 61, 72, 76, 77, 78, 80, 92, 93, 94];[37, 39, 40, 41, 43, 50, 51, 52, 55, 61, 72, 76, 77, 78, 80, 92, 93, 94];0
9;[40, 41, 42, 59, 60, 72, 76, 77, 78, 92];[40, 41, 42, 59, 60, 72, 76, 77, 78, 92];0
10;[1, 2, 4, 5, 8, 11, 13, 14, 15, 16, 17, 22, 24, 25, 26, 28, 29, 30, 37, 38, 50, 51, 53, 55, 56, 58, 64, 69, 70, 72, 73, 80, 82, 83, 86, 87];[1, 2, 4, 5, 8, 11, 13, 14, 15, 16, 17, 22, 24, 25, 26, 28, 29, 30, 37, 38, 50, 51, 53, 55, 56, 58, 64, 69, 70, 72, 73, 80, 82, 83, 86, 87];0
11;[40, 59, 72, 76, 77, 78, 92];[40, 59, 72, 76, 77, 78, 92];0
12;[4, 5, 7, 11, 24, 26, 27, 28, 29, 38, 50, 52, 57, 70, 80, 82];[4, 5, 7, 11, 24, 26, 27, 28, 29, 38, 50, 52, 57, 70, 80, 82];0
13;[12, 13, 15, 16, 17, 18, 20, 21, 39, 41, 42, 43, 50, 51, 52, 55, 61, 64, 66, 67, 69, 72, 80, 88, 89, 93];[12, 13, 15, 16, 17, 18, 20, 21, 39, 41, 42, 43, 50, 51, 52, 55, 61, 64, 66, 67, 69, 72, 80, 88, 89, 93];0
14;[40, 72, 76, 77, 78, 92];[40, 72, 76, 77, 78, 92];0
15;[12, 16, 17, 19, 20, 21, 36, 64, 66, 67, 69, 90, 91];[12, 16, 17, 19, 20, 21, 36, 64, 66, 67, 69, 90, 91];0
16;[37, 40, 47, 49, 50, 51, 52, 56, 58, 61, 72, 76, 77, 78, 80, 92];[37, 40, 47, 49, 50, 51, 52, 56, 58, 61, 72, 76, 77, 78, 80, 92];0
17;[3, 4, 5, 6, 7, 8, 9, 10, 11, 12, 13, 14, 15, 16, 17, 18, 19, 20, 21, 23, 24, 25, 29, 31, 32, 34, 36, 37, 38, 39, 41, 42, 43, 50, 51, 52, 55, 61, 63, 64, 65, 66, 67, 69, 72, 80, 85, 86, 87, 88, 89, 90, 91, 92];[3, 4, 5, 6, 7, 8, 9, 10, 11, 12, 13, 14, 15, 16, 17, 18, 19, 20, 21, 23, 24, 25, 29, 31, 32, 34, 36, 37, 38, 39, 41, 42, 43, 50, 51, 52, 55, 61, 63, 64, 65, 66, 67, 69, 72, 80, 85, 86, 87, 88, 89, 90, 91, 92];0
18;[3, 4, 8, 9, 10, 12, 13, 16, 17, 18, 24, 25, 29, 31, 32, 37, 38, 67, 69, 85, 86, 91];[3, 4, 8, 9, 10, 12, 13, 16, 17, 18, 24, 25, 29, 31, 32, 37, 38, 67, 69, 85, 86, 91];0
19;[3, 4, 8, 12, 13, 17, 18, 25, 31, 32, 37, 38, 64, 65, 66, 67, 68, 69, 85, 86];[3, 4, 8, 12, 13, 17, 18, 25, 31, 32, 37, 38, 64, 65, 66, 67, 68, 69, 85, 86];0
20;[0, 1, 2, 3, 4, 5, 6, 7, 8, 9, 10, 11, 12, 13, 14, 15, 16, 17, 18, 19, 20, 21, 22, 23, 24, 25, 26, 27, 28, 29, 30, 31, 32, 33, 34, 35, 36, 37, 38, 41, 42, 43, 44, 45, 46, 50, 51, 52, 53, 54, 55, 56, 57, 58, 59, 60, 63, 64, 65, 66, 67, 68, 69, 70, 71, 72, 73, 74, 75, 76, 77, 78, 79, 80, 81, 82, 83, 84, 85, 86, 87, 88, 89, 90, 91, 92];[0, 1, 2, 3, 4, 5, 6, 7, 8, 9, 10, 11, 12, 13, 14, 15, 16, 17, 18, 19, 20, 21, 22, 23, 24, 25, 26, 27, 28, 29, 30, 31, 32, 33, 34, 35, 36, 37, 38, 41, 42, 43, 44, 45, 46, 50, 51, 52, 53, 54, 55, 56, 57, 58, 59, 60, 63, 64, 65, 66, 67, 68, 69, 70, 71, 72, 73, 74, 75, 76, 77, 78, 79, 80, 81, 82, 83, 84, 85, 86, 87, 88, 89, 90, 91, 92];1
21;[76, 79, 92];[76, 79, 92];0
22;[40, 58, 72, 76, 77, 78, 92];[40, 58, 72, 76, 77, 78, 92];0
23;[40, 76, 77, 78, 92];[40, 76, 77, 78, 92];0
24;[81, 82, 83, 84];[81, 82, 83, 84];0
25;[40, 45, 73, 74, 75, 76, 78, 92];[40, 45, 73, 74, 75, 76, 78, 92];0
26;[37, 39, 40, 76, 77, 78, 92, 93, 94];[37, 39, 40, 76, 77, 78, 92, 93, 94];0
27;[2, 5, 9, 12, 13, 14, 15, 16, 17, 18, 19, 20, 21, 32, 33, 34, 37, 50, 51, 53, 54, 55, 63, 64, 66, 67, 69, 70, 85, 86, 89, 90];[2, 5, 9, 12, 13, 14, 15, 16, 17, 18, 19, 20, 21, 32, 33, 34, 37, 50, 51, 53, 54, 55, 63, 64, 66, 67, 69, 70, 85, 86, 89, 90];0
28;[2, 5, 9, 12, 13, 14, 15, 16, 17, 18, 19, 20, 21, 32, 33, 34, 37, 50, 51, 53, 54, 55, 63, 64, 66, 67, 69, 70, 85, 86, 89, 90];[2, 5, 9, 12, 13, 14, 15, 16, 17, 18, 19, 20, 21, 32, 33, 34, 37, 50, 51, 53, 54, 55, 63, 64, 66, 67, 69, 70, 85, 86, 89, 90];0
29;[1, 4, 5, 7, 9, 10, 11, 13, 14, 15, 16, 17, 18, 21, 23, 25, 28, 29, 30, 31, 32, 35, 37, 39, 47, 48, 50, 51, 53, 54, 55, 57, 63, 64, 65, 66, 69, 71, 73, 74, 75, 76, 77, 78, 81, 86, 87, 88, 89, 90, 92];[1, 4, 5, 7, 9, 10, 11, 13, 14, 15, 16, 17, 18, 21, 23, 25, 28, 29, 30, 31, 32, 35, 37, 39, 47, 48, 50, 51, 53, 54, 55, 57, 63, 64, 65, 66, 69, 71, 73, 74, 75, 76, 77, 78, 81, 86, 87, 88, 89, 90, 92];0
30;[40, 72, 76, 77, 78, 92];[40, 72, 76, 77, 78, 92];0
