[Priors]
[0.61, 0.11, 0.11, 0.11, 0.11, 0.11, 0.11, 0.11, 0.11, 0.11, 0.11, 0.11, 0.11, 0.11]
[Bugs]
0
[InitialTests]
0
1
[TestDetails]
0;[0, 1, 2, 3, 4, 5, 6, 7, 12, 13];[0, 1, 2, 3, 4, 5, 6, 7, 12, 13];1
1;[1, 4, 5];[1, 4, 5];0
2;[1, 4, 5, 13];[1, 4, 5, 13];0
3;[1, 4, 6, 7, 8, 9];[1, 4, 6, 7, 8, 9];0
4;[3, 4, 7, 9, 11, 12];[3, 4, 7, 9, 11, 12];0
5;[0, 1, 3, 4, 5, 6, 7, 8, 9, 10, 11, 12, 13];[0, 1, 3, 4, 5, 6, 7, 8, 9, 10, 11, 12, 13];1
6;[1, 4, 5, 12];[1, 4, 5, 12];0
7;[1, 4, 5, 12];[1, 4, 5, 12];0
