[Priors]
[0.1, 0.1, 0.1, 0.1, 0.1, 0.1, 0.1, 0.1, 0.1, 0.1, 0.1, 0.1, 0.1, 0.1, 0.1, 0.1, 0.1, 0.1, 0.1]
[Bugs]
0
1
[InitialTests]
2
6
8
0
1
3
[TestDetails]
0;[11];[11];0
1;[4, 7];[4, 7];0
2;[0, 2, 3, 4, 5, 7, 8, 13, 14, 15, 16, 17];[0, 2, 3, 4, 5, 7, 8, 13, 14, 15, 16, 17];1
3;[4, 7, 8, 13, 14, 15, 17];[4, 7, 8, 13, 14, 15, 17];0
4;[3, 4, 7, 8, 10, 11, 13, 15, 16, 17, 18];[3, 4, 7, 8, 10, 11, 13, 15, 16, 17, 18];0
5;[7, 13, 17];[7, 13, 17];0
6;[1, 3, 4, 7, 8, 9, 10, 11, 12, 13, 14, 15, 16, 17, 18];[1, 3, 4, 7, 8, 9, 10, 11, 12, 13, 14, 15, 16, 17, 18];1
7;[2, 3, 4, 7, 8];[2, 3, 4, 7, 8];0
8;[0, 2, 3, 4, 6, 7, 8, 11, 13, 14, 15, 16, 17];[0, 2, 3, 4, 6, 7, 8, 11, 13, 14, 15, 16, 17];1
9;[3, 4, 7, 8, 9, 10, 11, 12, 13, 15, 16, 17, 18];[3, 4, 7, 8, 9, 10, 11, 12, 13, 15, 16, 17, 18];0
10;[3, 4, 7, 8, 10, 11, 12, 13, 16];[3, 4, 7, 8, 10, 11, 12, 13, 16];0
