[Priors]
[1.01, 0.01, 1.01, 0.01, 1.01, 0.01, 1.01, 0.01, 1.01, 1.01, 0.01, 0.01, 0.01, 0.01, 0.01, 0.01]
[Bugs]
0
1
[InitialTests]
0
1
[TestDetails]
0;[0, 1, 2, 3, 4, 5, 6, 8, 9, 10, 11, 12, 15];[0, 1, 2, 3, 4, 5, 6, 8, 9, 10, 11, 12, 15];1
1;[2, 3, 4, 6, 7, 8, 9, 11];[2, 3, 4, 6, 7, 8, 9, 11];0
2;[3, 4, 5, 6, 8, 9, 10, 11];[3, 4, 5, 6, 8, 9, 10, 11];0
3;[0, 1, 2, 3, 4, 6, 7, 9, 10, 11, 12, 14];[0, 1, 2, 3, 4, 6, 7, 9, 10, 11, 12, 14];1
4;[2, 3, 4, 6, 7, 8, 9, 11];[2, 3, 4, 6, 7, 8, 9, 11];0
5;[3, 4, 6, 8, 10, 11, 12];[3, 4, 6, 8, 10, 11, 12];0
6;[0, 3, 6, 13];[0, 3, 6, 13];1
7;[5, 6, 8, 10, 11];[5, 6, 8, 10, 11];0
