[Priors]
[0.61, 0.61, 0.11, 0.11, 0.11, 0.11, 0.11, 0.11, 0.11, 0.11, 0.11, 0.11, 0.11, 0.11, 0.11, 0.11, 0.11, 0.11, 0.11, 0.11]
[Bugs]
0
1
[InitialTests]
0
3
6
1
2
4
[TestDetails]
0;[0, 1, 2, 3, 4, 5, 6, 8, 9, 10, 11, 12, 13, 14, 15, 19];[0, 1, 2, 3, 4, 5, 6, 8, 9, 10, 11, 12, 13, 14, 15, 19];1
1;[2, 3, 4, 6, 7, 9, 11, 13, 14];[2, 3, 4, 6, 7, 9, 11, 13, 14];0
2;[3, 4, 5, 6, 9, 11, 12, 13, 14];[3, 4, 5, 6, 9, 11, 12, 13, 14];0
3;[0, 1, 2, 3, 4, 6, 7, 8, 10, 11, 12, 13, 14, 15, 18];[0, 1, 2, 3, 4, 6, 7, 8, 10, 11, 12, 13, 14, 15, 18];1
4;[2, 3, 4, 6, 7, 9, 11, 13, 14];[2, 3, 4, 6, 7, 9, 11, 13, 14];0
5;[3, 4, 6, 9, 12, 13, 14, 15];[3, 4, 6, 9, 12, 13, 14, 15];0
6;[0, 3, 6, 10, 14, 17];[0, 3, 6, 10, 14, 17];1
7;[5, 6, 9, 12, 13];[5, 6, 9, 12, 13];0
8;[3, 4, 6, 9, 13];[3, 4, 6, 9, 13];0
9;[9];[9];0
10;[0, 1, 2, 3, 4, 6, 8, 10, 11, 12, 13, 14, 15, 16];[0, 1, 2, 3, 4, 6, 8, 10, 11, 12, 13, 14, 15, 16];1
11;[3, 4, 6, 7, 8, 9, 10, 11, 12, 13, 14];[3, 4, 6, 7, 8, 9, 10, 11, 12, 13, 14];0
