[Priors]
[0.1, 0.1, 0.1, 0.1, 0.1, 0.1, 0.1, 0.1, 0.1, 0.1, 0.1, 0.1, 0.1, 0.1, 0.1, 0.1, 0.1, 0.1, 0.1, 0.1, 0.1, 0.1, 0.1, 0.1, 0.1, 0.1, 0.1, 0.1, 0.1, 0.1]
[Bugs]
0
1
2
3
4
5
6
7
[InitialTests]
0
5
8
1
2
3
[TestDetails]
0;[0, 2, 3, 4, 8, 9, 11, 12, 13, 14, 15, 16, 17, 18, 21, 22, 23, 27, 28, 29];[0, 2, 3, 4, 8, 9, 11, 12, 13, 14, 15, 16, 17, 18, 21, 22, 23, 27, 28, 29];1
1;[21, 22, 23, 29];[21, 22, 23, 29];0
2;[21, 22, 23, 29];[21, 22, 23, 29];0
3;[20];[20];0
4;[10, 11, 15, 16, 20, 26, 27];[10, 11, 15, 16, 20, 26, 27];0
5;[0, 1, 2, 7, 8, 10, 11, 12, 13, 15, 16, 18, 19, 20, 24, 25, 26, 27, 29];[0, 1, 2, 7, 8, 10, 11, 12, 13, 15, 16, 18, 19, 20, 24, 25, 26, 27, 29];1
6;[21, 22, 23, 29];[21, 22, 23, 29];0
7;[8, 12, 14, 15, 25];[8, 12, 14, 15, 25];0
8;[3, 6, 7, 8, 10, 11, 12, 15, 16, 18, 26, 27];[3, 6, 7, 8, 10, 11, 12, 15, 16, 18, 26, 27];1
9;[23];[23];0
10;[10, 16, 24, 25];[10, 16, 24, 25];0
11;[21, 22, 23, 29];[21, 22, 23, 29];0
12;[0, 1, 5, 7, 8, 10, 11, 12, 13, 15, 16, 17, 18, 20, 24, 25, 26, 27, 28, 29];[0, 1, 5, 7, 8, 10, 11, 12, 13, 15, 16, 17, 18, 20, 24, 25, 26, 27, 28, 29];1
13;[21, 22, 23, 29];[21, 22, 23, 29];0
14;[8, 9, 13, 16, 17, 21, 22, 23, 27, 29];[8, 9, 13, 16, 17, 21, 22, 23, 27, 29];0
15;[22];[22];0
16;[21, 22, 23, 29];[21, 22, 23, 29];0
