[Priors]
[0.01, 0.01, 0.01, 0.017, 0.01, 0.01, 0.01, 0.01, 1.01, 0.01, 0.01, 0.01, 0.01, 0.01, 0.01, 0.01, 0.01, 0.01, 0.01, 0.01, 0.01, 0.01, 0.01, 0.01, 0.01, 0.01, 0.01, 0.01, 0.01, 0.01]
[Bugs]
0
1
2
3
[InitialTests]
0
2
4
1
3
5
[TestDetails]
0;[2, 4, 8, 9, 10, 11, 12, 13, 15, 18, 23, 25, 26, 29];[2, 4, 8, 9, 10, 11, 12, 13, 15, 18, 23, 25, 26, 29];1
1;[4, 8, 9, 13, 25];[4, 8, 9, 13, 25];0
2;[2, 4, 8, 10, 11, 12, 13, 14, 16, 18, 23, 25, 26, 27, 28];[2, 4, 8, 10, 11, 12, 13, 14, 16, 18, 23, 25, 26, 27, 28];1
3;[4, 8, 9, 13, 20, 25];[4, 8, 9, 13, 20, 25];0
4;[0, 2, 3, 4, 7, 8, 11, 12, 13, 14, 15, 18, 20, 22, 23, 24, 25, 26, 27, 28];[0, 2, 3, 4, 7, 8, 11, 12, 13, 14, 15, 18, 20, 22, 23, 24, 25, 26, 27, 28];1
5;[4, 6, 7, 12, 18, 19, 25, 27, 28];[4, 6, 7, 12, 18, 19, 25, 27, 28];0
6;[17];[17];0
7;[5, 6, 7, 12, 13, 17, 18, 20, 21, 22, 23, 24, 25, 26, 27, 28];[5, 6, 7, 12, 13, 17, 18, 20, 21, 22, 23, 24, 25, 26, 27, 28];0
8;[0, 1, 2, 4, 5, 6, 7, 8, 10, 11, 12, 13, 14, 17, 18, 19, 20, 21, 22, 23, 24, 25, 26, 27, 28];[0, 1, 2, 4, 5, 6, 7, 8, 10, 11, 12, 13, 14, 17, 18, 19, 20, 21, 22, 23, 24, 25, 26, 27, 28];1
9;[17];[17];0
10;[4, 5, 6, 7, 8, 9, 11, 12, 13, 17, 20, 22, 25, 26, 28];[4, 5, 6, 7, 8, 9, 11, 12, 13, 17, 20, 22, 25, 26, 28];0
