[Priors]
[0.61, 0.61, 0.01, 0.01, 0.01, 0.01, 0.01, 0.01, 0.01, 0.01, 0.01, 0.01, 0.01, 0.01, 0.01, 0.01, 0.01, 0.01, 0.01, 0.01]
[Bugs]
0
1
[InitialTests]
0
1
[TestDetails]
0;[0, 2, 3, 4, 5, 6, 7, 8, 9, 10, 11, 12, 13, 14, 16, 17, 18, 19];[0, 2, 3, 4, 5, 6, 7, 8, 9, 10, 11, 12, 13, 14, 16, 17, 18, 19];1
1;[2, 4, 7, 11, 12, 15, 16, 17, 18];[2, 4, 7, 11, 12, 15, 16, 17, 18];0
2;[2, 4, 6, 10];[2, 4, 6, 10];0
3;[2, 3, 4, 7, 8, 10, 11, 12, 13, 14, 15, 16, 18];[2, 3, 4, 7, 8, 10, 11, 12, 13, 14, 15, 16, 18];0
4;[11, 14, 15, 16];[11, 14, 15, 16];0
5;[1, 4, 8, 9, 11, 12, 13, 14, 15, 19];[1, 4, 8, 9, 11, 12, 13, 14, 15, 19];1
6;[2, 4, 5, 7, 9, 11, 12, 13, 14, 15, 16];[2, 4, 5, 7, 9, 11, 12, 13, 14, 15, 16];0
