[Priors]
[0.1, 0.1, 0.1, 0.1, 0.1, 0.1, 0.1, 0.1, 0.1, 0.1, 0.1]
[Bugs]
0
1
2
[InitialTests]
0
6
12
1
2
3
[TestDetails]
0;[2, 6, 7];[2, 6, 7];1
1;[10];[10];0
2;[6, 7];[6, 7];0
3;[6, 7];[6, 7];0
4;[6, 7];[6, 7];0
5;[10];[10];0
6;[0, 3, 4, 5, 8, 10];[0, 3, 4, 5, 8, 10];1
7;[6, 7];[6, 7];0
8;[10];[10];0
9;[6, 7];[6, 7];0
10;[6, 7];[6, 7];0
11;[10];[10];0
12;[0, 1, 3, 4, 8, 9, 10];[0, 1, 3, 4, 8, 9, 10];1
13;[6, 7];[6, 7];0
14;[6, 7];[6, 7];0
15;[10];[10];0
16;[6, 7];[6, 7];0
17;[9];[9];0
18;[10];[10];0
19;[6, 7];[6, 7];0
20;[2, 6, 7];[2, 6, 7];1
21;[4];[4];0
22;[6];[6];0
23;[10];[10];0
24;[9];[9];0
25;[3];[3];0
26;[8, 9];[8, 9];0
27;[6];[6];0
