[Priors]
[0.1, 0.1, 0.1, 0.1, 0.1, 0.1, 0.1, 0.1, 0.1, 0.1, 0.1, 0.1, 0.1, 0.1, 0.1, 0.1, 0.1, 0.1, 0.1, 0.1, 0.1, 0.1, 0.1, 0.1, 0.1, 0.1, 0.1, 0.1, 0.1, 0.1, 0.1, 0.1, 0.1, 0.1, 0.1, 0.1, 0.1, 0.1, 0.1, 0.1, 0.1, 0.1, 0.1, 0.1, 0.1, 0.1, 0.1, 0.1, 0.1, 0.1, 0.1, 0.1, 0.1, 0.1, 0.1, 0.1, 0.1, 0.1, 0.1, 0.1, 0.1, 0.1, 0.1, 0.1, 0.1, 0.1, 0.1, 0.1, 0.1, 0.1, 0.1, 0.1, 0.1, 0.1, 0.1, 0.1, 0.1, 0.1, 0.1, 0.1, 0.1, 0.1, 0.1, 0.1, 0.1, 0.1, 0.1, 0.1, 0.1]
[Bugs]
0
1
2
[InitialTests]
0
10
20
1
2
3
[TestDetails]
0;[2, 30, 31, 33, 34, 35, 36, 37, 38, 39, 40, 49, 50, 52, 61];[2, 30, 31, 33, 34, 35, 36, 37, 38, 39, 40, 49, 50, 52, 61];1
1;[38, 40, 41, 44, 45, 49, 53, 87];[38, 40, 41, 44, 45, 49, 53, 87];0
2;[3, 4, 5, 6, 7, 8, 10, 11, 12, 13, 14, 15, 23, 24, 25, 26, 27, 28, 29, 64, 67, 68, 69, 70, 71, 72, 73, 74, 75, 76, 77, 78, 80, 81, 82, 83, 84, 85];[3, 4, 5, 6, 7, 8, 10, 11, 12, 13, 14, 15, 23, 24, 25, 26, 27, 28, 29, 64, 67, 68, 69, 70, 71, 72, 73, 74, 75, 76, 77, 78, 80, 81, 82, 83, 84, 85];0
3;[17, 19, 21, 30, 31, 33, 34, 35, 36, 37, 38, 39, 40, 49, 50, 52, 59];[17, 19, 21, 30, 31, 33, 34, 35, 36, 37, 38, 39, 40, 49, 50, 52, 59];0
4;[16, 17, 19, 20, 21, 25, 26, 30, 31, 33, 34, 35, 36, 37, 38, 39, 40, 49, 50, 52, 55, 57, 59, 62];[16, 17, 19, 20, 21, 25, 26, 30, 31, 33, 34, 35, 36, 37, 38, 39, 40, 49, 50, 52, 55, 57, 59, 62];0
5;[19, 56];[19, 56];0
6;[36, 37, 38, 39, 40, 41, 42, 45, 48, 49, 52, 87];[36, 37, 38, 39, 40, 41, 42, 45, 48, 49, 52, 87];0
7;[3, 10, 11, 12, 13, 14, 23, 25, 27, 28, 29, 65, 71, 81];[3, 10, 11, 12, 13, 14, 23, 25, 27, 28, 29, 65, 71, 81];0
8;[3, 4, 5, 7, 10, 11, 13, 15, 23, 24, 25, 26, 27, 28, 67, 68, 71, 72, 73, 74, 75, 77, 78, 79, 84, 86, 87];[3, 4, 5, 7, 10, 11, 13, 15, 23, 24, 25, 26, 27, 28, 67, 68, 71, 72, 73, 74, 75, 77, 78, 79, 84, 86, 87];0
9;[16, 17, 18, 19, 21, 30, 31, 33, 34, 35, 36, 37, 38, 39, 40, 49, 50, 52, 55, 57, 59, 62];[16, 17, 18, 19, 21, 30, 31, 33, 34, 35, 36, 37, 38, 39, 40, 49, 50, 52, 55, 57, 59, 62];0
10;[1, 2, 3, 4, 5, 6, 7, 8, 9, 10, 11, 12, 13, 14, 15, 17, 18, 22, 23, 24, 25, 26, 27, 28, 29, 31, 32, 33, 35, 38, 40, 44, 45, 46, 47, 48, 50, 52, 53, 54, 63, 64, 65, 66, 67, 68, 69, 70, 71, 72, 73, 74, 75, 76, 77, 78, 79, 80, 81, 82, 83, 84, 85, 86, 87, 88];[1, 2, 3, 4, 5, 6, 7, 8, 9, 10, 11, 12, 13, 14, 15, 17, 18, 22, 23, 24, 25, 26, 27, 28, 29, 31, 32, 33, 35, 38, 40, 44, 45, 46, 47, 48, 50, 52, 53, 54, 63, 64, 65, 66, 67, 68, 69, 70, 71, 72, 73, 74, 75, 76, 77, 78, 79, 80, 81, 82, 83, 84, 85, 86, 87, 88];1
11;[3, 10, 11, 13, 14, 15, 23, 25, 28, 29, 65, 66, 67, 68, 70, 75, 86, 87];[3, 10, 11, 13, 14, 15, 23, 25, 28, 29, 65, 66, 67, 68, 70, 75, 86, 87];0
12;[3, 4, 8, 10, 11, 12, 14, 23, 24, 25, 26, 27, 28, 29, 65, 66, 68, 70, 73, 74, 75, 77, 78, 80, 81, 82, 84];[3, 4, 8, 10, 11, 12, 14, 23, 24, 25, 26, 27, 28, 29, 65, 66, 68, 70, 73, 74, 75, 77, 78, 80, 81, 82, 84];0
13;[3, 4, 8, 10, 11, 12, 13, 14, 23, 24, 25, 26, 27, 28, 29, 65, 68, 70, 71, 73, 75, 80, 81, 82];[3, 4, 8, 10, 11, 12, 13, 14, 23, 24, 25, 26, 27, 28, 29, 65, 68, 70, 71, 73, 75, 80, 81, 82];0
14;[17, 19, 21, 30, 31, 33, 34, 35, 36, 37, 38, 39, 40, 49, 50, 52, 57, 58, 59, 62];[17, 19, 21, 30, 31, 33, 34, 35, 36, 37, 38, 39, 40, 49, 50, 52, 57, 58, 59, 62];0
15;[3, 10, 11, 12, 13, 14, 23, 24, 25, 27, 28, 29, 65, 68, 71, 81, 82];[3, 10, 11, 12, 13, 14, 23, 24, 25, 27, 28, 29, 65, 68, 71, 81, 82];0
16;[16, 17, 19, 20, 21, 25, 26, 30, 31, 33, 34, 35, 36, 37, 38, 39, 40, 49, 50, 52, 55, 57, 59, 62];[16, 17, 19, 20, 21, 25, 26, 30, 31, 33, 34, 35, 36, 37, 38, 39, 40, 49, 50, 52, 55, 57, 59, 62];0
17;[3, 4, 8, 10, 11, 12, 14, 23, 24, 25, 26, 27, 28, 29, 68, 70, 71, 75, 80, 81, 82, 83];[3, 4, 8, 10, 11, 12, 14, 23, 24, 25, 26, 27, 28, 29, 68, 70, 71, 75, 80, 81, 82, 83];0
18;[3, 4, 5, 7, 8, 10, 11, 12, 13, 14, 15, 23, 24, 25, 26, 27, 28, 29, 67, 68, 69, 70, 71, 72, 73, 74, 75, 77, 78, 79, 80, 81, 84, 85];[3, 4, 5, 7, 8, 10, 11, 12, 13, 14, 15, 23, 24, 25, 26, 27, 28, 29, 67, 68, 69, 70, 71, 72, 73, 74, 75, 77, 78, 79, 80, 81, 84, 85];0
19;[16, 17, 19, 20, 21, 22, 23, 25, 26, 30, 31, 33, 34, 35, 36, 37, 38, 39, 40, 49, 50, 52, 59, 62];[16, 17, 19, 20, 21, 22, 23, 25, 26, 30, 31, 33, 34, 35, 36, 37, 38, 39, 40, 49, 50, 52, 59, 62];0
20;[0, 16, 17, 19, 20, 21, 30, 31, 32, 33, 34, 35, 36, 37, 38, 39, 40, 41, 42, 43, 44, 45, 46, 47, 48, 49, 50, 51, 52, 53, 55, 56, 57, 59];[0, 16, 17, 19, 20, 21, 30, 31, 32, 33, 34, 35, 36, 37, 38, 39, 40, 41, 42, 43, 44, 45, 46, 47, 48, 49, 50, 51, 52, 53, 55, 56, 57, 59];1
21;[31, 32, 33, 34, 35, 38, 39, 40, 44, 45, 46, 48, 49, 50, 52, 53];[31, 32, 33, 34, 35, 38, 39, 40, 44, 45, 46, 48, 49, 50, 52, 53];0
22;[54];[54];0
23;[3, 4, 8, 10, 11, 12, 14, 23, 24, 25, 26, 27, 28, 29, 65, 66, 68, 70, 73, 74, 75, 77, 78, 80, 81, 82, 83];[3, 4, 8, 10, 11, 12, 14, 23, 24, 25, 26, 27, 28, 29, 65, 66, 68, 70, 73, 74, 75, 77, 78, 80, 81, 82, 83];0
24;[19, 21, 30, 31, 33, 34, 35, 36, 37, 38, 39, 40, 49, 50, 52, 62];[19, 21, 30, 31, 33, 34, 35, 36, 37, 38, 39, 40, 49, 50, 52, 62];0
25;[19, 21, 30, 31, 33, 34, 35, 36, 37, 38, 39, 40, 49, 50, 52, 59];[19, 21, 30, 31, 33, 34, 35, 36, 37, 38, 39, 40, 49, 50, 52, 59];0
26;[28, 33, 38, 40, 44, 45, 46, 47, 49, 50, 51, 53, 87, 88];[28, 33, 38, 40, 44, 45, 46, 47, 49, 50, 51, 53, 87, 88];0
27;[3, 4, 8, 10, 11, 12, 14, 23, 24, 25, 26, 27, 28, 29, 68, 70, 71, 72, 73, 75, 76, 77, 78, 80, 81, 82];[3, 4, 8, 10, 11, 12, 14, 23, 24, 25, 26, 27, 28, 29, 68, 70, 71, 72, 73, 75, 76, 77, 78, 80, 81, 82];0
28;[37, 38, 39, 49, 53];[37, 38, 39, 49, 53];0
29;[3, 4, 7, 8, 9, 10, 13, 14, 15, 23, 24, 25, 26, 27, 28, 67, 68, 71, 72, 73, 74, 75, 77, 79, 82, 84, 85, 86, 87];[3, 4, 7, 8, 9, 10, 13, 14, 15, 23, 24, 25, 26, 27, 28, 67, 68, 71, 72, 73, 74, 75, 77, 79, 82, 84, 85, 86, 87];0
30;[0, 19, 21, 30, 31, 32, 33, 34, 35, 36, 37, 38, 39, 40, 41, 42, 44, 45, 46, 48, 49, 50, 52, 53, 56, 58, 60, 62];[0, 19, 21, 30, 31, 32, 33, 34, 35, 36, 37, 38, 39, 40, 41, 42, 44, 45, 46, 48, 49, 50, 52, 53, 56, 58, 60, 62];1
31;[10, 14, 23, 25, 29, 68, 70, 75, 86, 87];[10, 14, 23, 25, 29, 68, 70, 75, 86, 87];0
32;[17, 19, 21, 30, 31, 33, 34, 35, 36, 37, 38, 39, 40, 49, 50, 52, 57, 59];[17, 19, 21, 30, 31, 33, 34, 35, 36, 37, 38, 39, 40, 49, 50, 52, 57, 59];0
33;[3, 4, 8, 10, 11, 12, 13, 14, 15, 23, 24, 25, 26, 27, 28, 29, 63, 64, 65, 66, 67, 68, 70, 71, 72, 73, 74, 75, 77, 78, 80, 81, 82, 83, 86, 87];[3, 4, 8, 10, 11, 12, 13, 14, 15, 23, 24, 25, 26, 27, 28, 29, 63, 64, 65, 66, 67, 68, 70, 71, 72, 73, 74, 75, 77, 78, 80, 81, 82, 83, 86, 87];0
34;[35, 38, 40, 44, 45, 46, 47, 49, 50, 52, 53, 87];[35, 38, 40, 44, 45, 46, 47, 49, 50, 52, 53, 87];0
35;[3, 4, 8, 10, 11, 13, 14, 15, 22, 23, 24, 25, 26, 27, 28, 29, 64, 68, 69, 71, 72, 73, 74, 75, 76, 77, 78, 79, 82, 84];[3, 4, 8, 10, 11, 13, 14, 15, 22, 23, 24, 25, 26, 27, 28, 29, 64, 68, 69, 71, 72, 73, 74, 75, 76, 77, 78, 79, 82, 84];0
36;[3, 4, 8, 10, 11, 12, 14, 15, 23, 24, 25, 26, 27, 28, 29, 68, 70, 71, 72, 73, 75, 76, 77, 78, 80, 82, 83, 84, 86, 87];[3, 4, 8, 10, 11, 12, 14, 15, 23, 24, 25, 26, 27, 28, 29, 68, 70, 71, 72, 73, 75, 76, 77, 78, 80, 82, 83, 84, 86, 87];0
37;[3, 4, 8, 10, 11, 12, 14, 23, 24, 25, 26, 27, 28, 29, 68, 70, 71, 75, 80, 81, 82];[3, 4, 8, 10, 11, 12, 14, 23, 24, 25, 26, 27, 28, 29, 68, 70, 71, 75, 80, 81, 82];0
