[Priors]
[0.1, 0.1, 0.1, 0.1, 0.1, 0.1, 0.1, 0.1, 0.1, 0.1, 0.1, 0.1, 0.1, 0.1, 0.1, 0.1, 0.1, 0.1, 0.1, 0.1, 0.1, 0.1, 0.1, 0.1, 0.1, 0.1, 0.1, 0.1, 0.1, 0.1, 0.1, 0.1, 0.1, 0.1, 0.1, 0.1, 0.1, 0.1, 0.1, 0.1, 0.1, 0.1, 0.1, 0.1, 0.1, 0.1, 0.1, 0.1, 0.1, 0.1, 0.1, 0.1, 0.1, 0.1, 0.1, 0.1, 0.1, 0.1, 0.1, 0.1, 0.1, 0.1, 0.1, 0.1, 0.1, 0.1, 0.1, 0.1, 0.1, 0.1, 0.1, 0.1, 0.1, 0.1, 0.1, 0.1, 0.1, 0.1, 0.1, 0.1, 0.1, 0.1, 0.1, 0.1, 0.1, 0.1, 0.1, 0.1, 0.1, 0.1, 0.1, 0.1, 0.1, 0.1, 0.1, 0.1, 0.1, 0.1, 0.1, 0.1, 0.1, 0.1, 0.1, 0.1, 0.1, 0.1, 0.1, 0.1, 0.1, 0.1, 0.1, 0.1, 0.1, 0.1, 0.1, 0.1, 0.1, 0.1, 0.1, 0.1, 0.1, 0.1, 0.1, 0.1, 0.1, 0.1, 0.1, 0.1, 0.1, 0.1, 0.1, 0.1]
[Bugs]
0
1
[InitialTests]
0
10
1
2
[TestDetails]
0;[0, 2, 3, 4, 5, 6, 7, 8, 9, 10, 11, 12, 13, 14, 15, 17, 18, 20, 21, 22, 23, 24, 25, 26, 27, 28, 29, 30, 31, 32, 35, 36, 37, 38, 39, 40, 41, 42, 43, 44, 45, 47, 48, 49, 50, 51, 52, 53, 54, 55, 56, 57, 58, 59, 60, 61, 62, 63, 65, 67, 68, 70, 72, 74, 75, 76, 80, 81, 82, 83, 84, 85, 86, 87, 88, 89, 90, 91, 93, 95, 96, 97, 98, 99, 100, 101, 102, 103, 104, 106, 107, 108, 110, 111, 112, 113, 114, 115, 117, 118, 120, 121, 123, 125, 126, 127, 128, 129, 130, 131];[0, 2, 3, 4, 5, 6, 7, 8, 9, 10, 11, 12, 13, 14, 15, 17, 18, 20, 21, 22, 23, 24, 25, 26, 27, 28, 29, 30, 31, 32, 35, 36, 37, 38, 39, 40, 41, 42, 43, 44, 45, 47, 48, 49, 50, 51, 52, 53, 54, 55, 56, 57, 58, 59, 60, 61, 62, 63, 65, 67, 68, 70, 72, 74, 75, 76, 80, 81, 82, 83, 84, 85, 86, 87, 88, 89, 90, 91, 93, 95, 96, 97, 98, 99, 100, 101, 102, 103, 104, 106, 107, 108, 110, 111, 112, 113, 114, 115, 117, 118, 120, 121, 123, 125, 126, 127, 128, 129, 130, 131];1
1;[11, 13, 15, 26, 29, 36, 39, 56, 57, 58, 63];[11, 13, 15, 26, 29, 36, 39, 56, 57, 58, 63];0
2;[39, 54, 59, 75, 88, 90, 99];[39, 54, 59, 75, 88, 90, 99];0
3;[11, 12, 36, 60, 61, 62];[11, 12, 36, 60, 61, 62];0
4;[63];[63];0
5;[17, 22, 39, 40, 50, 63, 74, 75, 80, 82, 83, 84, 85, 88, 91, 92, 93, 94, 100, 101, 102, 108];[17, 22, 39, 40, 50, 63, 74, 75, 80, 82, 83, 84, 85, 88, 91, 92, 93, 94, 100, 101, 102, 108];0
6;[3, 56];[3, 56];0
7;[18, 21, 30, 31, 37, 39, 40, 41, 42, 43, 44, 52, 53, 63, 67, 75, 78, 88, 90, 99, 102];[18, 21, 30, 31, 37, 39, 40, 41, 42, 43, 44, 52, 53, 63, 67, 75, 78, 88, 90, 99, 102];0
8;[110, 111, 117, 121, 126, 127, 130];[110, 111, 117, 121, 126, 127, 130];0
9;[11, 12, 36, 61, 62];[11, 12, 36, 61, 62];0
10;[0, 2, 3, 4, 5, 6, 7, 8, 9, 10, 11, 12, 13, 15, 16, 17, 18, 19, 20, 21, 22, 23, 24, 25, 27, 28, 29, 30, 32, 34, 35, 36, 37, 39, 40, 41, 42, 44, 45, 46, 47, 48, 49, 50, 51, 52, 53, 54, 55, 59, 60, 61, 62, 63, 64, 65, 67, 68, 70, 72, 73, 74, 75, 76, 77, 78, 80, 81, 82, 83, 84, 85, 86, 87, 88, 89, 90, 91, 92, 93, 94, 95, 96, 97, 98, 99, 100, 101, 102, 104, 105, 106, 107, 108, 110, 111, 112, 113, 114, 115, 116, 117, 118, 119, 120, 121, 123, 124, 125, 126, 127, 128, 129, 130, 131];[0, 2, 3, 4, 5, 6, 7, 8, 9, 10, 11, 12, 13, 15, 16, 17, 18, 19, 20, 21, 22, 23, 24, 25, 27, 28, 29, 30, 32, 34, 35, 36, 37, 39, 40, 41, 42, 44, 45, 46, 47, 48, 49, 50, 51, 52, 53, 54, 55, 59, 60, 61, 62, 63, 64, 65, 67, 68, 70, 72, 73, 74, 75, 76, 77, 78, 80, 81, 82, 83, 84, 85, 86, 87, 88, 89, 90, 91, 92, 93, 94, 95, 96, 97, 98, 99, 100, 101, 102, 104, 105, 106, 107, 108, 110, 111, 112, 113, 114, 115, 116, 117, 118, 119, 120, 121, 123, 124, 125, 126, 127, 128, 129, 130, 131];1
11;[110, 111, 123, 125, 126, 127, 130];[110, 111, 123, 125, 126, 127, 130];0
12;[63];[63];0
13;[4, 5, 6, 8, 9, 10, 11, 12, 13, 17, 18, 20, 22, 24, 25, 27, 28, 29, 30, 33, 34, 36, 37, 39, 40, 41, 42, 44, 45, 52, 54, 56, 58, 61, 62, 63, 74, 75, 76, 77, 78, 80, 81, 83, 84, 85, 86, 87, 88, 90, 91, 93, 96, 97, 98, 99, 100, 101, 102, 103, 104, 107, 110, 111, 114, 115, 116, 118, 125, 129, 130, 131];[4, 5, 6, 8, 9, 10, 11, 12, 13, 17, 18, 20, 22, 24, 25, 27, 28, 29, 30, 33, 34, 36, 37, 39, 40, 41, 42, 44, 45, 52, 54, 56, 58, 61, 62, 63, 74, 75, 76, 77, 78, 80, 81, 83, 84, 85, 86, 87, 88, 90, 91, 93, 96, 97, 98, 99, 100, 101, 102, 103, 104, 107, 110, 111, 114, 115, 116, 118, 125, 129, 130, 131];0
14;[25, 27, 39, 40, 48, 49, 63, 74, 76, 80, 83, 84, 86, 87, 88, 90, 93, 95, 99, 101, 104, 105, 107];[25, 27, 39, 40, 48, 49, 63, 74, 76, 80, 83, 84, 86, 87, 88, 90, 93, 95, 99, 101, 104, 105, 107];0
15;[56, 57, 63];[56, 57, 63];0
16;[63, 104, 106, 107, 110, 111, 112, 118, 121, 122, 123, 124, 125, 126, 127, 128, 129, 130];[63, 104, 106, 107, 110, 111, 112, 118, 121, 122, 123, 124, 125, 126, 127, 128, 129, 130];0
17;[39, 63, 88, 90, 99];[39, 63, 88, 90, 99];0
18;[39, 63, 74, 75, 80, 83, 84, 88, 90, 93, 99];[39, 63, 74, 75, 80, 83, 84, 88, 90, 93, 99];0
19;[39, 48, 49, 84, 86, 87, 88, 89];[39, 48, 49, 84, 86, 87, 88, 89];0
20;[0, 1, 2, 3, 4, 5, 6, 8, 9, 11, 13, 17, 18, 19, 20, 21, 22, 23, 25, 27, 30, 31, 32, 34, 35, 36, 37, 38, 39, 40, 41, 42, 43, 44, 45, 47, 48, 49, 50, 51, 52, 54, 59, 61, 62, 63, 64, 66, 67, 68, 70, 71, 73, 74, 75, 76, 78, 79, 80, 82, 83, 84, 85, 86, 87, 88, 89, 90, 91, 92, 93, 95, 96, 99, 100, 101, 102, 104, 106, 107, 108, 109, 110, 111, 112, 113, 114, 115, 116, 117, 118, 119, 120, 121, 122, 123, 124, 125, 126, 127, 128, 129, 130, 131];[0, 1, 2, 3, 4, 5, 6, 8, 9, 11, 13, 17, 18, 19, 20, 21, 22, 23, 25, 27, 30, 31, 32, 34, 35, 36, 37, 38, 39, 40, 41, 42, 43, 44, 45, 47, 48, 49, 50, 51, 52, 54, 59, 61, 62, 63, 64, 66, 67, 68, 70, 71, 73, 74, 75, 76, 78, 79, 80, 82, 83, 84, 85, 86, 87, 88, 89, 90, 91, 92, 93, 95, 96, 99, 100, 101, 102, 104, 106, 107, 108, 109, 110, 111, 112, 113, 114, 115, 116, 117, 118, 119, 120, 121, 122, 123, 124, 125, 126, 127, 128, 129, 130, 131];1
21;[63, 110, 111, 112, 113, 114, 115, 116, 117, 118, 119, 120, 121, 123, 125, 126, 127, 128, 130];[63, 110, 111, 112, 113, 114, 115, 116, 117, 118, 119, 120, 121, 123, 125, 126, 127, 128, 130];0
22;[39, 54, 63, 74, 80, 83, 84, 88, 90, 99];[39, 54, 63, 74, 80, 83, 84, 88, 90, 99];0
23;[5, 6, 8, 13, 22, 25, 27, 30, 32, 35, 36, 37, 39, 41, 42, 44, 45, 47, 61, 62, 63, 74, 79, 80, 81, 82, 83, 84, 85, 86, 87, 88, 90, 95, 98, 101, 104, 107, 131];[5, 6, 8, 13, 22, 25, 27, 30, 32, 35, 36, 37, 39, 41, 42, 44, 45, 47, 61, 62, 63, 74, 79, 80, 81, 82, 83, 84, 85, 86, 87, 88, 90, 95, 98, 101, 104, 107, 131];0
24;[39, 48, 84, 87, 88, 89];[39, 48, 84, 87, 88, 89];0
25;[2, 4, 5, 6, 8, 10, 11, 12, 13, 18, 22, 25, 27, 30, 32, 36, 37, 39, 40, 44, 45, 47, 48, 49, 61, 62, 63, 68, 70, 71, 73, 74, 75, 76, 79, 80, 83, 84, 85, 86, 87, 88, 90, 91, 93, 96, 97, 98, 99, 100, 101, 104, 107];[2, 4, 5, 6, 8, 10, 11, 12, 13, 18, 22, 25, 27, 30, 32, 36, 37, 39, 40, 44, 45, 47, 48, 49, 61, 62, 63, 68, 70, 71, 73, 74, 75, 76, 79, 80, 83, 84, 85, 86, 87, 88, 90, 91, 93, 96, 97, 98, 99, 100, 101, 104, 107];0
26;[63, 110, 111, 115, 117, 120, 121, 123, 125, 126, 127];[63, 110, 111, 115, 117, 120, 121, 123, 125, 126, 127];0
27;[6, 13, 18, 20, 21, 23, 25, 30, 31, 39, 40, 44, 45, 47, 53, 62, 63, 64, 65, 66, 70, 80, 82, 83, 84, 85, 88, 93, 95, 96, 97, 101, 107];[6, 13, 18, 20, 21, 23, 25, 30, 31, 39, 40, 44, 45, 47, 53, 62, 63, 64, 65, 66, 70, 80, 82, 83, 84, 85, 88, 93, 95, 96, 97, 101, 107];0
28;[5, 39, 40, 41, 44, 45, 50, 51, 63, 68, 72, 74, 75, 80, 84, 86, 87, 88, 93, 100];[5, 39, 40, 41, 44, 45, 50, 51, 63, 68, 72, 74, 75, 80, 84, 86, 87, 88, 93, 100];0
29;[111, 121, 126, 128, 129];[111, 121, 126, 128, 129];0
30;[0, 1, 2, 3, 4, 5, 6, 8, 9, 11, 13, 17, 18, 19, 20, 21, 22, 23, 25, 27, 28, 30, 31, 32, 33, 34, 35, 36, 37, 38, 39, 40, 41, 42, 43, 44, 45, 46, 47, 48, 49, 50, 51, 52, 54, 55, 59, 61, 62, 63, 64, 66, 67, 68, 69, 70, 71, 72, 73, 74, 75, 76, 78, 79, 80, 82, 83, 84, 85, 86, 87, 88, 89, 90, 91, 92, 93, 94, 95, 96, 99, 100, 101, 102, 104, 106, 107, 108, 110, 111, 112, 113, 114, 115, 116, 117, 118, 119, 120, 121, 123, 124, 125, 126, 127, 128, 129, 130, 131];[0, 1, 2, 3, 4, 5, 6, 8, 9, 11, 13, 17, 18, 19, 20, 21, 22, 23, 25, 27, 28, 30, 31, 32, 33, 34, 35, 36, 37, 38, 39, 40, 41, 42, 43, 44, 45, 46, 47, 48, 49, 50, 51, 52, 54, 55, 59, 61, 62, 63, 64, 66, 67, 68, 69, 70, 71, 72, 73, 74, 75, 76, 78, 79, 80, 82, 83, 84, 85, 86, 87, 88, 89, 90, 91, 92, 93, 94, 95, 96, 99, 100, 101, 102, 104, 106, 107, 108, 110, 111, 112, 113, 114, 115, 116, 117, 118, 119, 120, 121, 123, 124, 125, 126, 127, 128, 129, 130, 131];1
