[Priors]
[0.61, 0.61, 0.61, 0.61, 0.11, 0.11, 0.11, 0.11, 0.11, 0.11, 0.11, 0.11, 0.11, 0.11, 0.11, 0.11, 0.11, 0.11, 0.11, 0.11, 0.11, 0.11, 0.11, 0.11, 0.11, 0.11, 0.11, 0.11, 0.11, 0.11, 0.11, 0.11, 0.11, 0.11, 0.11, 0.11, 0.11, 0.11, 0.11, 0.11, 0.11, 0.11, 0.11, 0.11, 0.11, 0.11, 0.11, 0.11, 0.11, 0.11, 0.11, 0.11, 0.11, 0.11, 0.11, 0.11, 0.11, 0.11, 0.11, 0.11, 0.11, 0.11, 0.11, 0.11, 0.11, 0.11, 0.11, 0.11, 0.11]
[Bugs]
0
1
2
3
[InitialTests]
0
9
18
1
2
3
[TestDetails]
0;[0, 2, 3, 4, 5, 6, 7, 8, 9, 10, 11, 12, 13, 14, 15, 16, 17, 18, 19, 20, 21, 22, 23, 24, 26, 27, 28, 29, 30, 31, 32, 33, 34, 35, 36, 37, 38, 39, 40, 43, 44, 45, 46, 47, 48, 49, 50, 51, 52, 53, 54, 55, 57, 58, 59, 60, 61, 62, 63, 65, 66, 67, 68];[0, 2, 3, 4, 5, 6, 7, 8, 9, 10, 11, 12, 13, 14, 15, 16, 17, 18, 19, 20, 21, 22, 23, 24, 26, 27, 28, 29, 30, 31, 32, 33, 34, 35, 36, 37, 38, 39, 40, 43, 44, 45, 46, 47, 48, 49, 50, 51, 52, 53, 54, 55, 57, 58, 59, 60, 61, 62, 63, 65, 66, 67, 68];1
1;[40, 41, 59, 60, 63, 65, 68];[40, 41, 59, 60, 63, 65, 68];0
2;[40, 41, 59, 60, 63, 65, 68];[40, 41, 59, 60, 63, 65, 68];0
3;[10, 11, 12, 13, 15, 16, 17, 18, 19, 21, 22, 23, 26, 28, 30, 33, 34, 36, 37, 39, 40, 57, 58, 59, 66, 67, 68];[10, 11, 12, 13, 15, 16, 17, 18, 19, 21, 22, 23, 26, 28, 30, 33, 34, 36, 37, 39, 40, 57, 58, 59, 66, 67, 68];0
4;[40, 41, 53, 59, 60, 63, 65, 68];[40, 41, 53, 59, 60, 63, 65, 68];0
5;[38, 40, 41, 45, 46, 47, 48, 49, 50, 60, 63, 65, 68];[38, 40, 41, 45, 46, 47, 48, 49, 50, 60, 63, 65, 68];0
6;[38, 40, 41, 45, 46, 47, 59, 60, 63, 65, 68];[38, 40, 41, 45, 46, 47, 59, 60, 63, 65, 68];0
7;[40, 41, 51, 53, 54, 60, 63, 65, 68];[40, 41, 51, 53, 54, 60, 63, 65, 68];0
8;[5, 8, 9, 36, 39, 45, 47, 52, 59];[5, 8, 9, 36, 39, 45, 47, 52, 59];0
9;[0, 23, 25, 34];[0, 23, 25, 34];1
10;[36, 39, 55, 56, 59, 66, 67];[36, 39, 55, 56, 59, 66, 67];0
11;[59];[59];0
12;[10, 11, 33, 37];[10, 11, 33, 37];0
13;[40, 41, 44, 62, 63, 68];[40, 41, 44, 62, 63, 68];0
14;[10, 11, 14, 15, 16, 23, 37, 59];[10, 11, 14, 15, 16, 23, 37, 59];0
15;[24, 59];[24, 59];0
16;[40, 41, 63, 65, 68];[40, 41, 63, 65, 68];0
17;[4, 10, 13, 14, 15, 16, 17, 18, 23, 26, 31, 32, 37, 57, 59];[4, 10, 13, 14, 15, 16, 17, 18, 23, 26, 31, 32, 37, 57, 59];0
18;[0, 1, 2, 3, 4, 5, 6, 8, 9, 10, 12, 13, 14, 15, 16, 18, 19, 20, 21, 22, 23, 26, 27, 28, 29, 30, 31, 34, 36, 37, 38, 39, 40, 42, 44, 45, 46, 47, 48, 49, 51, 53, 54, 55, 56, 57, 58, 59, 60, 61, 62, 63, 65, 66, 67, 68];[0, 1, 2, 3, 4, 5, 6, 8, 9, 10, 12, 13, 14, 15, 16, 18, 19, 20, 21, 22, 23, 26, 27, 28, 29, 30, 31, 34, 36, 37, 38, 39, 40, 42, 44, 45, 46, 47, 48, 49, 51, 53, 54, 55, 56, 57, 58, 59, 60, 61, 62, 63, 65, 66, 67, 68];1
19;[10, 11, 13, 15, 16, 22, 30, 37];[10, 11, 13, 15, 16, 22, 30, 37];0
20;[10, 11, 14, 15, 17, 18, 31, 32, 37, 57, 58, 59, 67];[10, 11, 14, 15, 17, 18, 31, 32, 37, 57, 58, 59, 67];0
21;[40, 41, 51, 54, 63, 65, 68];[40, 41, 51, 54, 63, 65, 68];0
22;[21, 22];[21, 22];0
23;[6, 8, 19, 29, 35, 36, 37, 38, 39, 40, 59];[6, 8, 19, 29, 35, 36, 37, 38, 39, 40, 59];0
24;[27, 29, 67];[27, 29, 67];0
25;[40, 41, 51, 59, 63, 65, 68];[40, 41, 51, 59, 63, 65, 68];0
26;[40, 41, 59, 63, 65, 68];[40, 41, 59, 63, 65, 68];0
27;[40, 41, 59, 60, 63, 65, 68];[40, 41, 59, 60, 63, 65, 68];0
28;[3, 40, 41, 59, 61, 62, 63, 64, 68];[3, 40, 41, 59, 61, 62, 63, 64, 68];1
29;[10, 11, 33, 37, 57, 59, 67];[10, 11, 33, 37, 57, 59, 67];0
30;[40, 41, 60, 63, 65, 68];[40, 41, 60, 63, 65, 68];0
31;[40, 41, 60, 63, 65, 68];[40, 41, 60, 63, 65, 68];0
32;[9, 20, 36, 40, 42, 43, 45, 49, 59, 61, 62, 63, 68];[9, 20, 36, 40, 42, 43, 45, 49, 59, 61, 62, 63, 68];0
33;[40, 41, 63, 65, 68];[40, 41, 63, 65, 68];0
34;[40, 41, 59, 60, 63, 65, 68];[40, 41, 59, 60, 63, 65, 68];0
35;[40, 41, 59, 60, 63, 65, 67, 68];[40, 41, 59, 60, 63, 65, 67, 68];0
36;[21, 22, 28, 30, 59];[21, 22, 28, 30, 59];0
