[Priors]
[1.01, 0.01, 0.01, 0.01, 0.01, 0.01, 0.01, 0.01, 0.01, 0.01, 0.01, 0.01, 1.01, 0.01, 0.01, 0.01, 0.01, 0.01, 0.01, 0.01, 0.01, 0.01, 0.01, 0.01, 0.01, 0.01, 0.01, 1.01, 0.01, 0.01, 0.01, 1.01, 0.01, 0.01, 1.01, 0.01, 0.01, 0.01, 0.01, 0.065, 0.01, 0.01, 0.01, 1.01, 0.01, 0.01, 0.01, 0.996, 0.01, 0.01, 0.01, 0.01, 0.01, 0.01, 0.01, 0.01, 0.01, 0.01, 0.01, 0.01, 0.01, 0.01, 0.01, 0.01, 1.01, 0.01, 0.01, 1.01, 1.01, 0.01, 0.01, 0.01, 0.01, 0.01, 0.01, 0.01, 1.01, 0.01, 0.01, 0.01, 0.01, 0.01, 0.01, 0.01, 1.01, 0.01, 0.01, 0.01, 0.01, 1.01, 1.01, 0.01, 0.01, 1.01, 0.01, 0.01, 0.01, 0.01, 0.01, 0.01, 0.01, 0.01, 1.01, 0.01, 0.01, 0.01, 1.01, 0.01, 0.01, 1.01, 0.01, 0.01, 0.01, 0.01, 1.01, 0.01, 0.01, 0.01, 0.01, 0.01]
[Bugs]
0
1
[InitialTests]
0
10
1
2
[TestDetails]
0;[0, 2, 3, 7, 8, 9, 119];[0, 2, 3, 7, 8, 9, 119];1
1;[8];[8];0
2;[6, 7, 14, 15, 16, 18, 27, 28, 30, 32, 34, 35, 37, 38, 42, 43, 44, 48, 49, 50, 52, 53, 56, 57, 60, 61, 63, 64, 73, 74, 77, 78, 79, 80, 81, 82, 84, 87, 93, 95, 98, 99, 100, 101, 102, 103, 105, 107, 110, 113, 116];[6, 7, 14, 15, 16, 18, 27, 28, 30, 32, 34, 35, 37, 38, 42, 43, 44, 48, 49, 50, 52, 53, 56, 57, 60, 61, 63, 64, 73, 74, 77, 78, 79, 80, 81, 82, 84, 87, 93, 95, 98, 99, 100, 101, 102, 103, 105, 107, 110, 113, 116];0
3;[6, 7, 14, 15, 16, 17, 18, 21, 25, 26, 27, 32, 33, 34, 35, 36, 37, 38, 41, 42, 45, 48, 49, 50, 51, 52, 53, 56, 60, 61, 63, 64, 65, 66, 67, 69, 70, 71, 72, 73, 74, 77, 78, 79, 80, 84, 98, 100, 101, 103, 104, 105, 106, 107];[6, 7, 14, 15, 16, 17, 18, 21, 25, 26, 27, 32, 33, 34, 35, 36, 37, 38, 41, 42, 45, 48, 49, 50, 51, 52, 53, 56, 60, 61, 63, 64, 65, 66, 67, 69, 70, 71, 72, 73, 74, 77, 78, 79, 80, 84, 98, 100, 101, 103, 104, 105, 106, 107];0
4;[7, 13, 14, 15, 16, 18, 19, 20, 21, 32, 35, 37, 41, 42, 43, 44, 49, 53, 56, 59, 60, 61, 64, 65, 67, 68, 70, 75, 87, 90, 100, 101, 102, 103, 105, 107, 109, 112, 114, 118, 119];[7, 13, 14, 15, 16, 18, 19, 20, 21, 32, 35, 37, 41, 42, 43, 44, 49, 53, 56, 59, 60, 61, 64, 65, 67, 68, 70, 75, 87, 90, 100, 101, 102, 103, 105, 107, 109, 112, 114, 118, 119];0
5;[6, 7, 15, 16, 17, 18, 20, 21, 29, 30, 32, 34, 35, 37, 41, 42, 47, 48, 49, 56, 57, 58, 59, 60, 61, 63, 65, 67, 68, 70, 71, 79, 80, 81, 84, 87, 90, 98, 102, 105, 108];[6, 7, 15, 16, 17, 18, 20, 21, 29, 30, 32, 34, 35, 37, 41, 42, 47, 48, 49, 56, 57, 58, 59, 60, 61, 63, 65, 67, 68, 70, 71, 79, 80, 81, 84, 87, 90, 98, 102, 105, 108];0
6;[6, 7, 11, 12, 14, 15, 16, 17, 18, 21, 25, 26, 27, 28, 30, 32, 33, 38, 41, 42, 43, 44, 45, 48, 49, 50, 51, 53, 54, 55, 56, 57, 60, 61, 62, 79, 80, 81, 82, 87, 88, 91, 92, 93, 95, 99, 100, 102, 103, 105, 106, 107, 109, 114, 117, 118, 119];[6, 7, 11, 12, 14, 15, 16, 17, 18, 21, 25, 26, 27, 28, 30, 32, 33, 38, 41, 42, 43, 44, 45, 48, 49, 50, 51, 53, 54, 55, 56, 57, 60, 61, 62, 79, 80, 81, 82, 87, 88, 91, 92, 93, 95, 99, 100, 102, 103, 105, 106, 107, 109, 114, 117, 118, 119];0
7;[6, 7, 14, 15, 16, 18, 22, 23, 25, 26, 27, 28, 30, 32, 33, 38, 41, 42, 43, 44, 45, 48, 49, 50, 51, 53, 54, 55, 56, 57, 60, 61, 62, 79, 80, 81, 87, 88, 89, 92, 93, 96, 99, 100, 102, 103, 105, 109, 110, 114, 116, 118, 119];[6, 7, 14, 15, 16, 18, 22, 23, 25, 26, 27, 28, 30, 32, 33, 38, 41, 42, 43, 44, 45, 48, 49, 50, 51, 53, 54, 55, 56, 57, 60, 61, 62, 79, 80, 81, 87, 88, 89, 92, 93, 96, 99, 100, 102, 103, 105, 109, 110, 114, 116, 118, 119];0
8;[116];[116];0
9;[7, 14, 15, 16, 18, 20, 21, 22, 23, 27, 28, 30, 32, 38, 40, 41, 42, 43, 45, 47, 48, 49, 50, 52, 53, 54, 56, 58, 59, 60, 61, 73, 75, 76, 77, 79, 80, 81, 82, 84, 87, 91, 92, 93, 96, 97, 99, 100, 102, 103, 105, 107, 109, 114, 118];[7, 14, 15, 16, 18, 20, 21, 22, 23, 27, 28, 30, 32, 38, 40, 41, 42, 43, 45, 47, 48, 49, 50, 52, 53, 54, 56, 58, 59, 60, 61, 73, 75, 76, 77, 79, 80, 81, 82, 84, 87, 91, 92, 93, 96, 97, 99, 100, 102, 103, 105, 107, 109, 114, 118];0
10;[1, 2, 3, 4, 6, 8, 10, 11, 12, 13, 14, 15, 16, 17, 18, 19, 20, 21, 22, 23, 24, 25, 26, 27, 28, 29, 30, 31, 32, 33, 34, 35, 36, 37, 38, 39, 40, 41, 42, 43, 44, 45, 46, 47, 48, 49, 50, 51, 52, 53, 54, 55, 56, 57, 58, 59, 60, 61, 62, 63, 64, 65, 66, 67, 68, 69, 70, 71, 72, 73, 74, 75, 76, 77, 78, 79, 80, 81, 82, 83, 84, 85, 86, 87, 88, 89, 90, 91, 92, 93, 94, 95, 96, 97, 98, 99, 100, 101, 102, 103, 104, 105, 106, 107, 108, 109, 110, 111, 112, 113, 114, 115, 116, 117, 118, 119];[1, 2, 3, 4, 6, 8, 10, 11, 12, 13, 14, 15, 16, 17, 18, 19, 20, 21, 22, 23, 24, 25, 26, 27, 28, 29, 30, 31, 32, 33, 34, 35, 36, 37, 38, 39, 40, 41, 42, 43, 44, 45, 46, 47, 48, 49, 50, 51, 52, 53, 54, 55, 56, 57, 58, 59, 60, 61, 62, 63, 64, 65, 66, 67, 68, 69, 70, 71, 72, 73, 74, 75, 76, 77, 78, 79, 80, 81, 82, 83, 84, 85, 86, 87, 88, 89, 90, 91, 92, 93, 94, 95, 96, 97, 98, 99, 100, 101, 102, 103, 104, 105, 106, 107, 108, 109, 110, 111, 112, 113, 114, 115, 116, 117, 118, 119];1
11;[6, 7, 12, 14, 15, 16, 17, 18, 20, 21, 24, 25, 26, 27, 28, 30, 32, 33, 34, 35, 36, 37, 38, 39, 40, 41, 42, 45, 46, 47, 48, 49, 50, 51, 52, 53, 56, 57, 58, 59, 60, 63, 64, 65, 66, 75, 77, 78, 79, 80, 81, 82, 83, 84, 85, 87, 90, 92, 93, 95, 96, 97, 98, 99, 100, 101, 102, 103, 105, 107, 117];[6, 7, 12, 14, 15, 16, 17, 18, 20, 21, 24, 25, 26, 27, 28, 30, 32, 33, 34, 35, 36, 37, 38, 39, 40, 41, 42, 45, 46, 47, 48, 49, 50, 51, 52, 53, 56, 57, 58, 59, 60, 63, 64, 65, 66, 75, 77, 78, 79, 80, 81, 82, 83, 84, 85, 87, 90, 92, 93, 95, 96, 97, 98, 99, 100, 101, 102, 103, 105, 107, 117];0
12;[19, 22, 39, 45, 54, 81, 93, 96, 99, 116, 118];[19, 22, 39, 45, 54, 81, 93, 96, 99, 116, 118];0
13;[6, 7, 14, 15, 18, 40, 42, 47, 48, 49, 54, 56, 57, 59, 81, 82, 92, 93, 95, 102, 103, 108, 109, 110, 113, 114, 116, 118];[6, 7, 14, 15, 18, 40, 42, 47, 48, 49, 54, 56, 57, 59, 81, 82, 92, 93, 95, 102, 103, 108, 109, 110, 113, 114, 116, 118];0
14;[6, 7, 14, 15, 16, 18, 25, 26, 27, 28, 30, 32, 33, 38, 39, 40, 41, 42, 43, 44, 45, 47, 48, 49, 50, 51, 52, 53, 54, 55, 56, 57, 58, 59, 60, 61, 73, 75, 76, 79, 80, 81, 82, 84, 85, 86, 87, 88, 89, 91, 93, 95, 96, 97, 99, 100, 102, 103, 105, 109, 114, 118];[6, 7, 14, 15, 16, 18, 25, 26, 27, 28, 30, 32, 33, 38, 39, 40, 41, 42, 43, 44, 45, 47, 48, 49, 50, 51, 52, 53, 54, 55, 56, 57, 58, 59, 60, 61, 73, 75, 76, 79, 80, 81, 82, 84, 85, 86, 87, 88, 89, 91, 93, 95, 96, 97, 99, 100, 102, 103, 105, 109, 114, 118];0
15;[3, 9, 10, 14, 15, 16, 17, 18, 21, 25, 27, 28, 34, 35, 38, 39, 48, 49, 53, 57, 60, 69, 70, 79, 80, 81, 82, 87, 92, 93, 99, 101, 102, 103, 110, 111, 114, 116, 119];[3, 9, 10, 14, 15, 16, 17, 18, 21, 25, 27, 28, 34, 35, 38, 39, 48, 49, 53, 57, 60, 69, 70, 79, 80, 81, 82, 87, 92, 93, 99, 101, 102, 103, 110, 111, 114, 116, 119];0
16;[6, 7, 25, 26, 27, 28, 30];[6, 7, 25, 26, 27, 28, 30];0
17;[7, 22, 23, 25, 26, 32, 33, 39, 41, 42, 45, 54, 55, 81, 93, 96, 99, 110, 111, 113, 115, 116, 117, 118];[7, 22, 23, 25, 26, 32, 33, 39, 41, 42, 45, 54, 55, 81, 93, 96, 99, 110, 111, 113, 115, 116, 117, 118];0
18;[7, 14, 15, 16, 18, 20, 21, 30, 32, 34, 35, 37, 39, 41, 42, 43, 44, 46, 56, 60, 61, 63, 64, 66, 69, 70, 79, 80, 81, 84, 94, 101, 103, 104, 105, 107];[7, 14, 15, 16, 18, 20, 21, 30, 32, 34, 35, 37, 39, 41, 42, 43, 44, 46, 56, 60, 61, 63, 64, 66, 69, 70, 79, 80, 81, 84, 94, 101, 103, 104, 105, 107];0
19;[6, 7, 14, 15, 16, 20, 21, 24, 30, 31, 32, 39, 40, 41, 42, 47, 48, 49, 50, 52, 54, 55, 56, 58, 59, 61, 73, 75, 77, 79, 81, 82, 85, 91, 92, 93, 96, 97, 99, 100, 105, 107, 109, 110, 112, 113, 114, 116, 118];[6, 7, 14, 15, 16, 20, 21, 24, 30, 31, 32, 39, 40, 41, 42, 47, 48, 49, 50, 52, 54, 55, 56, 58, 59, 61, 73, 75, 77, 79, 81, 82, 85, 91, 92, 93, 96, 97, 99, 100, 105, 107, 109, 110, 112, 113, 114, 116, 118];0
20;[1, 2, 3, 5, 6, 8, 10, 11, 12, 13, 14, 15, 16, 17, 18, 19, 20, 21, 22, 23, 24, 25, 26, 27, 28, 29, 30, 31, 32, 33, 34, 35, 36, 37, 38, 39, 40, 41, 42, 43, 44, 45, 46, 47, 48, 49, 50, 51, 52, 53, 54, 55, 56, 57, 58, 59, 60, 61, 62, 63, 64, 65, 66, 67, 68, 69, 70, 71, 72, 73, 74, 75, 76, 77, 78, 79, 80, 81, 82, 83, 84, 85, 86, 87, 88, 89, 90, 91, 92, 93, 94, 95, 96, 97, 98, 99, 100, 101, 102, 103, 104, 105, 106, 107, 108, 109, 110, 111, 112, 113, 114, 115, 116, 117, 118, 119];[1, 2, 3, 5, 6, 8, 10, 11, 12, 13, 14, 15, 16, 17, 18, 19, 20, 21, 22, 23, 24, 25, 26, 27, 28, 29, 30, 31, 32, 33, 34, 35, 36, 37, 38, 39, 40, 41, 42, 43, 44, 45, 46, 47, 48, 49, 50, 51, 52, 53, 54, 55, 56, 57, 58, 59, 60, 61, 62, 63, 64, 65, 66, 67, 68, 69, 70, 71, 72, 73, 74, 75, 76, 77, 78, 79, 80, 81, 82, 83, 84, 85, 86, 87, 88, 89, 90, 91, 92, 93, 94, 95, 96, 97, 98, 99, 100, 101, 102, 103, 104, 105, 106, 107, 108, 109, 110, 111, 112, 113, 114, 115, 116, 117, 118, 119];1
