[Priors]
[0.61, 0.01, 0.01, 0.01, 0.01, 0.01, 0.01, 0.01, 0.01, 0.01, 0.01, 0.01, 0.01, 0.01, 0.01, 0.01, 0.01, 0.01, 0.01, 0.01, 0.01, 0.01, 0.01, 0.01, 0.01, 0.01, 0.01, 0.01, 0.01, 0.01, 0.01, 0.01, 0.01, 0.01, 0.01, 0.01, 0.01, 0.01, 0.01, 0.01, 0.01, 0.01, 0.01, 0.01, 0.01, 0.01, 0.01, 0.01, 0.01, 0.01, 0.01, 0.01, 0.01, 0.01, 0.01, 0.01, 0.01, 0.01, 0.01, 0.01, 0.01, 0.01, 0.01, 0.01, 0.01, 0.01, 0.01, 0.01, 0.01, 0.01, 0.01, 0.01, 0.01, 0.01, 0.01, 0.01, 0.01, 0.01, 0.01, 0.01, 0.01, 0.01, 0.01, 0.01, 0.01, 0.01, 0.01, 0.01, 0.01, 0.01, 0.01, 0.01, 0.01, 0.01, 0.01, 0.01, 0.01, 0.01, 0.01, 0.01, 0.01, 0.01, 0.01, 0.01, 0.01, 0.01, 0.01, 0.01, 0.01, 0.01, 0.01, 0.01, 0.01, 0.01, 0.01, 0.01, 0.01, 0.01, 0.01, 0.01, 0.01, 0.01, 0.01, 0.01, 0.01, 0.01, 0.01, 0.01, 0.01, 0.01, 0.01, 0.01, 0.01, 0.01, 0.01, 0.01, 0.01, 0.01]
[Bugs]
0
[InitialTests]
0
10
1
2
[TestDetails]
0;[0, 1, 6, 7, 8, 9, 11, 12, 13, 14, 15, 16, 17, 18, 22, 24, 25, 26, 27, 28, 30, 31, 32, 33, 34, 37, 38, 39, 40, 41, 42, 43, 45, 46, 47, 48, 50, 73, 74, 75, 76, 77, 78, 79, 80, 81, 82, 83, 84, 86, 87, 88, 89, 90, 93, 94, 95, 96, 97, 98, 99, 100, 101, 102, 103, 104, 105, 106, 107, 113, 114, 115, 116, 117, 119, 120, 121, 122, 123, 124, 125, 126, 127, 130, 135];[0, 1, 6, 7, 8, 9, 11, 12, 13, 14, 15, 16, 17, 18, 22, 24, 25, 26, 27, 28, 30, 31, 32, 33, 34, 37, 38, 39, 40, 41, 42, 43, 45, 46, 47, 48, 50, 73, 74, 75, 76, 77, 78, 79, 80, 81, 82, 83, 84, 86, 87, 88, 89, 90, 93, 94, 95, 96, 97, 98, 99, 100, 101, 102, 103, 104, 105, 106, 107, 113, 114, 115, 116, 117, 119, 120, 121, 122, 123, 124, 125, 126, 127, 130, 135];1
1;[24, 131, 132, 134, 136, 137];[24, 131, 132, 134, 136, 137];0
2;[24, 133];[24, 133];0
3;[5, 7, 11, 15, 17, 20, 21, 22, 24, 25, 26, 27, 30, 31, 34, 37, 40, 41, 42, 43, 48, 50, 54, 55, 56, 58, 59, 60, 65, 66, 68, 69, 72, 73, 75, 76, 77, 78, 80, 81, 82, 84, 85, 93, 94, 95, 99, 100, 103, 104, 114, 118, 121, 125, 126, 127, 130, 135];[5, 7, 11, 15, 17, 20, 21, 22, 24, 25, 26, 27, 30, 31, 34, 37, 40, 41, 42, 43, 48, 50, 54, 55, 56, 58, 59, 60, 65, 66, 68, 69, 72, 73, 75, 76, 77, 78, 80, 81, 82, 84, 85, 93, 94, 95, 99, 100, 103, 104, 114, 118, 121, 125, 126, 127, 130, 135];0
4;[1, 7, 10, 11, 20, 21, 26, 27, 30, 34, 35, 36, 39, 40, 48, 50, 54, 55, 59, 60, 61, 63, 66, 67, 68, 69, 71, 135];[1, 7, 10, 11, 20, 21, 26, 27, 30, 34, 35, 36, 39, 40, 48, 50, 54, 55, 59, 60, 61, 63, 66, 67, 68, 69, 71, 135];0
5;[137];[137];0
6;[137];[137];0
7;[7, 13, 21, 26, 27, 30, 40, 41, 50, 52, 54, 55, 59, 62, 65];[7, 13, 21, 26, 27, 30, 40, 41, 50, 52, 54, 55, 59, 62, 65];0
8;[7, 15, 17, 22, 24, 25, 26, 27, 30, 37, 40, 41, 42, 43, 48, 50, 73, 75, 77, 81, 83, 84, 87, 88, 93, 94, 99, 113, 114, 120, 121, 125];[7, 15, 17, 22, 24, 25, 26, 27, 30, 37, 40, 41, 42, 43, 48, 50, 73, 75, 77, 81, 83, 84, 87, 88, 93, 94, 99, 113, 114, 120, 121, 125];0
9;[1, 7, 8, 9, 10, 11, 13, 20, 21, 25, 26, 27, 30, 34, 37, 39, 40, 41, 42, 43, 46, 47, 48, 50, 51, 54, 55, 57, 59, 60, 61, 62, 63, 65, 66, 68, 69, 70, 71, 135, 137];[1, 7, 8, 9, 10, 11, 13, 20, 21, 25, 26, 27, 30, 34, 37, 39, 40, 41, 42, 43, 46, 47, 48, 50, 51, 54, 55, 57, 59, 60, 61, 62, 63, 65, 66, 68, 69, 70, 71, 135, 137];0
10;[0, 1, 3, 7, 8, 9, 11, 12, 13, 14, 15, 16, 17, 18, 19, 23, 24, 25, 26, 27, 30, 31, 32, 34, 37, 38, 39, 40, 41, 42, 43, 45, 47, 48, 50, 51, 52, 73, 74, 75, 76, 77, 78, 79, 80, 81, 83, 84, 86, 91, 92, 93, 94, 95, 96, 97, 98, 99, 100, 102, 103, 104, 105, 109, 110, 111, 112, 114, 115, 118, 119, 121, 122, 123, 124, 125, 126, 127, 130, 135, 136];[0, 1, 3, 7, 8, 9, 11, 12, 13, 14, 15, 16, 17, 18, 19, 23, 24, 25, 26, 27, 30, 31, 32, 34, 37, 38, 39, 40, 41, 42, 43, 45, 47, 48, 50, 51, 52, 73, 74, 75, 76, 77, 78, 79, 80, 81, 83, 84, 86, 91, 92, 93, 94, 95, 96, 97, 98, 99, 100, 102, 103, 104, 105, 109, 110, 111, 112, 114, 115, 118, 119, 121, 122, 123, 124, 125, 126, 127, 130, 135, 136];1
11;[1, 7, 9, 10, 11, 13, 15, 22, 24, 26, 27, 30, 34, 39, 40, 41, 42, 43, 48, 50, 73, 74, 75, 76, 77, 81, 84, 86, 99, 100, 114, 121, 125, 135];[1, 7, 9, 10, 11, 13, 15, 22, 24, 26, 27, 30, 34, 39, 40, 41, 42, 43, 48, 50, 73, 74, 75, 76, 77, 81, 84, 86, 99, 100, 114, 121, 125, 135];0
12;[5, 7, 11, 15, 20, 21, 22, 24, 48, 68, 125, 131, 134, 135];[5, 7, 11, 15, 20, 21, 22, 24, 48, 68, 125, 131, 134, 135];0
13;[7, 15, 16, 17, 18, 20, 21, 22, 24, 25, 26, 27, 30, 31, 32, 37, 39, 40, 41, 42, 43, 48, 50, 51, 54, 59, 60, 65, 66, 72, 73, 77, 81, 84, 93, 95, 102, 111, 112, 114, 121, 123];[7, 15, 16, 17, 18, 20, 21, 22, 24, 25, 26, 27, 30, 31, 32, 37, 39, 40, 41, 42, 43, 48, 50, 51, 54, 59, 60, 65, 66, 72, 73, 77, 81, 84, 93, 95, 102, 111, 112, 114, 121, 123];0
14;[137];[137];0
15;[7, 11, 20, 21, 25, 26, 27, 30, 34, 37, 40, 41, 42, 43, 44, 46, 47, 48, 49, 50, 51, 53, 54, 55, 57, 58, 59, 60, 62, 63, 64, 65, 66, 68, 69, 70, 71, 129, 131, 132, 133, 134, 135, 136];[7, 11, 20, 21, 25, 26, 27, 30, 34, 37, 40, 41, 42, 43, 44, 46, 47, 48, 49, 50, 51, 53, 54, 55, 57, 58, 59, 60, 62, 63, 64, 65, 66, 68, 69, 70, 71, 129, 131, 132, 133, 134, 135, 136];0
16;[1, 7, 8, 9, 10, 11, 13, 20, 21, 26, 27, 30, 34, 35, 36, 37, 39, 40, 41, 42, 43, 48, 50, 54, 55, 56, 59, 60, 61, 64, 65, 66, 67, 68, 69, 71, 72, 129, 130, 133, 135, 136];[1, 7, 8, 9, 10, 11, 13, 20, 21, 26, 27, 30, 34, 35, 36, 37, 39, 40, 41, 42, 43, 48, 50, 54, 55, 56, 59, 60, 61, 64, 65, 66, 67, 68, 69, 71, 72, 129, 130, 133, 135, 136];0
17;[13, 24, 135, 136];[13, 24, 135, 136];0
18;[24, 133, 136];[24, 133, 136];0
19;[0, 1, 2, 7, 8, 9, 10, 11, 13, 15, 16, 17, 18, 22, 24, 25, 26, 27, 29, 30, 31, 33, 34, 35, 36, 37, 38, 39, 40, 41, 42, 43, 46, 47, 48, 49, 50, 51, 73, 74, 75, 76, 77, 78, 79, 80, 81, 82, 84, 85, 86, 88, 89, 90, 91, 92, 93, 94, 95, 96, 97, 99, 100, 102, 103, 104, 105, 108, 110, 111, 112, 114, 117, 121, 123, 124, 125, 126, 127, 128, 129, 130, 131, 132, 133, 134, 135, 136, 137];[0, 1, 2, 7, 8, 9, 10, 11, 13, 15, 16, 17, 18, 22, 24, 25, 26, 27, 29, 30, 31, 33, 34, 35, 36, 37, 38, 39, 40, 41, 42, 43, 46, 47, 48, 49, 50, 51, 73, 74, 75, 76, 77, 78, 79, 80, 81, 82, 84, 85, 86, 88, 89, 90, 91, 92, 93, 94, 95, 96, 97, 99, 100, 102, 103, 104, 105, 108, 110, 111, 112, 114, 117, 121, 123, 124, 125, 126, 127, 128, 129, 130, 131, 132, 133, 134, 135, 136, 137];1
20;[1, 7, 10, 11, 20, 21, 26, 27, 30, 34, 35, 36, 39, 40, 48, 50, 54, 55, 59, 60, 61, 63, 64, 66, 67, 68, 69, 70, 71, 129, 133, 135, 136];[1, 7, 10, 11, 20, 21, 26, 27, 30, 34, 35, 36, 39, 40, 48, 50, 54, 55, 59, 60, 61, 63, 64, 66, 67, 68, 69, 70, 71, 129, 133, 135, 136];0
21;[7, 15, 23, 24, 25, 26, 30, 31, 42, 45, 48, 51, 52, 73, 81, 99, 101, 114, 115, 122, 125];[7, 15, 23, 24, 25, 26, 30, 31, 42, 45, 48, 51, 52, 73, 81, 99, 101, 114, 115, 122, 125];0
22;[1, 7, 8, 9, 10, 11, 12, 13, 15, 17, 18, 22, 24, 25, 26, 27, 30, 31, 34, 37, 39, 40, 41, 42, 43, 48, 50, 51, 73, 74, 75, 76, 77, 78, 79, 80, 81, 82, 84, 86, 88, 89, 93, 94, 102, 105, 106, 107, 108, 109, 110, 112, 113, 117, 119, 124, 125, 127, 128, 130, 135];[1, 7, 8, 9, 10, 11, 12, 13, 15, 17, 18, 22, 24, 25, 26, 27, 30, 31, 34, 37, 39, 40, 41, 42, 43, 48, 50, 51, 73, 74, 75, 76, 77, 78, 79, 80, 81, 82, 84, 86, 88, 89, 93, 94, 102, 105, 106, 107, 108, 109, 110, 112, 113, 117, 119, 124, 125, 127, 128, 130, 135];0
23;[137];[137];0
24;[7, 8, 9, 11, 13, 15, 17, 22, 24, 25, 26, 31, 32, 37, 40, 48, 50, 51, 73, 77, 78, 80, 93, 104, 125, 130, 131, 132, 134, 135];[7, 8, 9, 11, 13, 15, 17, 22, 24, 25, 26, 31, 32, 37, 40, 48, 50, 51, 73, 77, 78, 80, 93, 104, 125, 130, 131, 132, 134, 135];0
25;[7, 20, 21, 26, 27, 30, 48, 50, 54, 55, 66, 68, 69];[7, 20, 21, 26, 27, 30, 48, 50, 54, 55, 66, 68, 69];0
26;[1, 7, 11, 15, 20, 21, 22, 24, 26, 27, 30, 34, 39, 40, 41, 42, 43, 48, 50, 51, 54, 55, 59, 60, 61, 66, 73, 74, 75, 76, 77, 81, 84, 86, 93, 97, 99, 100, 114, 120, 121, 135];[1, 7, 11, 15, 20, 21, 22, 24, 26, 27, 30, 34, 39, 40, 41, 42, 43, 48, 50, 51, 54, 55, 59, 60, 61, 66, 73, 74, 75, 76, 77, 81, 84, 86, 93, 97, 99, 100, 114, 120, 121, 135];0
27;[24, 134, 136];[24, 134, 136];0
28;[1, 7, 8, 9, 11, 12, 13, 15, 16, 17, 18, 19, 22, 23, 24, 25, 26, 27, 28, 30, 31, 34, 37, 38, 39, 40, 41, 42, 43, 48, 50, 52, 73, 74, 75, 76, 77, 78, 79, 80, 81, 83, 84, 86, 87, 88, 89, 93, 94, 95, 96, 97, 98, 99, 100, 104, 107, 113, 114, 115, 121, 122, 124, 125, 127, 130, 135];[1, 7, 8, 9, 11, 12, 13, 15, 16, 17, 18, 19, 22, 23, 24, 25, 26, 27, 28, 30, 31, 34, 37, 38, 39, 40, 41, 42, 43, 48, 50, 52, 73, 74, 75, 76, 77, 78, 79, 80, 81, 83, 84, 86, 87, 88, 89, 93, 94, 95, 96, 97, 98, 99, 100, 104, 107, 113, 114, 115, 121, 122, 124, 125, 127, 130, 135];0
29;[0, 4, 5, 7, 11, 15, 16, 17, 18, 20, 21, 22, 24, 25, 26, 27, 29, 30, 31, 33, 35, 37, 38, 40, 41, 42, 43, 44, 46, 47, 48, 50, 51, 53, 54, 55, 56, 57, 58, 59, 60, 61, 62, 63, 64, 65, 66, 67, 68, 69, 70, 71, 72, 73, 75, 76, 77, 78, 81, 82, 83, 84, 85, 86, 87, 88, 91, 93, 94, 95, 99, 100, 102, 103, 114, 115, 116, 117, 120, 121, 124, 125, 128, 129, 130, 131, 132, 133, 134, 135, 136, 137];[0, 4, 5, 7, 11, 15, 16, 17, 18, 20, 21, 22, 24, 25, 26, 27, 29, 30, 31, 33, 35, 37, 38, 40, 41, 42, 43, 44, 46, 47, 48, 50, 51, 53, 54, 55, 56, 57, 58, 59, 60, 61, 62, 63, 64, 65, 66, 67, 68, 69, 70, 71, 72, 73, 75, 76, 77, 78, 81, 82, 83, 84, 85, 86, 87, 88, 91, 93, 94, 95, 99, 100, 102, 103, 114, 115, 116, 117, 120, 121, 124, 125, 128, 129, 130, 131, 132, 133, 134, 135, 136, 137];1
30;[7, 11, 20, 21, 26, 27, 30, 34, 37, 41, 42, 43, 48, 50, 53, 54, 55, 58, 59, 60, 65, 66, 68, 69, 135];[7, 11, 20, 21, 26, 27, 30, 34, 37, 41, 42, 43, 48, 50, 53, 54, 55, 58, 59, 60, 65, 66, 68, 69, 135];0
