[Priors]
[0.61, 0.21000000000000002, 0.21000000000000002, 0.21000000000000002, 0.21000000000000002, 0.21000000000000002, 0.21000000000000002, 0.21000000000000002, 0.21000000000000002, 0.21000000000000002, 0.21000000000000002, 0.21000000000000002, 0.21000000000000002, 0.21000000000000002, 0.21000000000000002, 0.21000000000000002, 0.21000000000000002, 0.21000000000000002, 0.21000000000000002, 0.21000000000000002, 0.21000000000000002, 0.21000000000000002, 0.21000000000000002, 0.21000000000000002, 0.21000000000000002, 0.21000000000000002, 0.21000000000000002, 0.21000000000000002, 0.21000000000000002, 0.21000000000000002, 0.21000000000000002, 0.21000000000000002, 0.21000000000000002, 0.21000000000000002, 0.21000000000000002, 0.21000000000000002, 0.21000000000000002, 0.21000000000000002, 0.21000000000000002, 0.21000000000000002, 0.21000000000000002, 0.21000000000000002, 0.21000000000000002, 0.21000000000000002, 0.21000000000000002, 0.21000000000000002, 0.21000000000000002, 0.21000000000000002, 0.21000000000000002, 0.21000000000000002, 0.21000000000000002, 0.21000000000000002, 0.21000000000000002, 0.21000000000000002, 0.21000000000000002, 0.21000000000000002, 0.21000000000000002, 0.21000000000000002, 0.21000000000000002, 0.21000000000000002, 0.21000000000000002, 0.21000000000000002, 0.21000000000000002, 0.21000000000000002, 0.21000000000000002, 0.21000000000000002, 0.21000000000000002, 0.21000000000000002, 0.21000000000000002, 0.21000000000000002, 0.21000000000000002, 0.21000000000000002, 0.21000000000000002, 0.21000000000000002, 0.21000000000000002, 0.21000000000000002, 0.21000000000000002, 0.21000000000000002, 0.21000000000000002, 0.21000000000000002, 0.21000000000000002, 0.21000000000000002, 0.21000000000000002, 0.21000000000000002, 0.21000000000000002, 0.21000000000000002, 0.21000000000000002, 0.21000000000000002, 0.21000000000000002, 0.21000000000000002, 0.21000000000000002, 0.21000000000000002, 0.21000000000000002, 0.21000000000000002, 0.21000000000000002, 0.21000000000000002, 0.21000000000000002, 0.21000000000000002, 0.21000000000000002, 0.21000000000000002, 0.21000000000000002, 0.21000000000000002, 0.21000000000000002, 0.21000000000000002, 0.21000000000000002, 0.21000000000000002, 0.21000000000000002, 0.21000000000000002, 0.21000000000000002, 0.21000000000000002, 0.21000000000000002, 0.21000000000000002, 0.21000000000000002, 0.21000000000000002, 0.21000000000000002, 0.21000000000000002, 0.21000000000000002, 0.21000000000000002, 0.21000000000000002, 0.21000000000000002, 0.21000000000000002, 0.21000000000000002, 0.21000000000000002, 0.21000000000000002, 0.21000000000000002, 0.21000000000000002, 0.21000000000000002, 0.21000000000000002, 0.21000000000000002, 0.21000000000000002, 0.21000000000000002, 0.21000000000000002, 0.21000000000000002, 0.21000000000000002, 0.21000000000000002]
[Bugs]
0
[InitialTests]
10
30
0
1
[TestDetails]
0;[0, 2, 11, 14, 15, 16, 17, 19, 20, 21, 22, 24, 25, 28, 29, 30, 31, 33, 34, 35, 36, 37, 39, 40, 41, 42, 43, 45, 46, 47, 117, 122, 123, 124, 125];[0, 2, 11, 14, 15, 16, 17, 19, 20, 21, 22, 24, 25, 28, 29, 30, 31, 33, 34, 35, 36, 37, 39, 40, 41, 42, 43, 45, 46, 47, 117, 122, 123, 124, 125];0
1;[1, 2, 3, 8, 13, 14, 16, 17, 18, 23, 25, 28, 29, 30, 31, 32, 34, 35, 36, 39, 46, 47, 48, 118, 119, 120, 122, 123, 124, 125, 127, 130, 131, 132, 133, 134];[1, 2, 3, 8, 13, 14, 16, 17, 18, 23, 25, 28, 29, 30, 31, 32, 34, 35, 36, 39, 46, 47, 48, 118, 119, 120, 122, 123, 124, 125, 127, 130, 131, 132, 133, 134];0
2;[11, 113, 116, 117, 121, 125, 128];[11, 113, 116, 117, 121, 125, 128];0
3;[1, 2, 3, 8, 13, 16, 17, 18, 25, 29, 31, 32, 36, 39, 47, 119, 120, 121, 122, 123, 124, 125, 127, 130];[1, 2, 3, 8, 13, 16, 17, 18, 25, 29, 31, 32, 36, 39, 47, 119, 120, 121, 122, 123, 124, 125, 127, 130];0
4;[11, 26, 50, 55, 57, 59, 63, 64, 67, 68, 69, 73, 110, 111, 113, 115, 116];[11, 26, 50, 55, 57, 59, 63, 64, 67, 68, 69, 73, 110, 111, 113, 115, 116];0
5;[2, 3, 10, 12, 13, 15, 16, 17, 21, 27, 29, 30, 32, 36, 37, 38, 39, 42, 43, 44, 45, 46, 47, 48, 50, 53, 54, 55, 56, 57, 59, 61, 62, 63, 67, 68, 78, 79, 80, 84, 90, 91, 97, 101, 111, 112, 113, 129, 133, 134];[2, 3, 10, 12, 13, 15, 16, 17, 21, 27, 29, 30, 32, 36, 37, 38, 39, 42, 43, 44, 45, 46, 47, 48, 50, 53, 54, 55, 56, 57, 59, 61, 62, 63, 67, 68, 78, 79, 80, 84, 90, 91, 97, 101, 111, 112, 113, 129, 133, 134];0
6;[1, 2, 3, 8, 13, 14, 16, 17, 18, 23, 25, 28, 29, 30, 31, 32, 34, 35, 36, 39, 46, 47, 48, 118, 119, 120, 122, 123, 124, 127, 130, 131, 132, 133, 134];[1, 2, 3, 8, 13, 14, 16, 17, 18, 23, 25, 28, 29, 30, 31, 32, 34, 35, 36, 39, 46, 47, 48, 118, 119, 120, 122, 123, 124, 127, 130, 131, 132, 133, 134];0
7;[1, 2, 3, 8, 13, 14, 16, 17, 18, 23, 25, 28, 29, 30, 31, 32, 35, 36, 39, 46, 47, 48, 118, 119, 120, 122, 123, 124, 127, 130, 131, 132, 133, 134];[1, 2, 3, 8, 13, 14, 16, 17, 18, 23, 25, 28, 29, 30, 31, 32, 35, 36, 39, 46, 47, 48, 118, 119, 120, 122, 123, 124, 127, 130, 131, 132, 133, 134];0
8;[11, 26, 50, 55, 57, 59, 63, 64, 67, 68, 69, 110, 111, 113, 115, 116];[11, 26, 50, 55, 57, 59, 63, 64, 67, 68, 69, 110, 111, 113, 115, 116];0
9;[1, 2, 3, 13, 14, 16, 17, 18, 23, 25, 27, 28, 29, 30, 31, 32, 34, 35, 36, 39, 46, 47, 48, 119, 120, 122, 123, 124, 125, 127, 130, 131, 133, 134];[1, 2, 3, 13, 14, 16, 17, 18, 23, 25, 27, 28, 29, 30, 31, 32, 34, 35, 36, 39, 46, 47, 48, 119, 120, 122, 123, 124, 125, 127, 130, 131, 133, 134];0
10;[0, 1, 2, 3, 4, 5, 7, 8, 9, 10, 11, 12, 13, 14, 15, 16, 17, 18, 19, 20, 21, 22, 23, 24, 25, 26, 27, 28, 29, 30, 31, 32, 33, 34, 35, 36, 37, 38, 39, 40, 41, 42, 43, 44, 45, 46, 47, 48, 49, 50, 51, 52, 53, 54, 55, 56, 57, 58, 59, 61, 62, 63, 64, 66, 67, 68, 71, 72, 75, 76, 78, 79, 80, 81, 84, 85, 86, 87, 88, 89, 90, 91, 93, 94, 96, 98, 99, 100, 101, 102, 103, 104, 105, 106, 109, 110, 111, 112, 113, 114, 115, 116, 117, 118, 119, 120, 121, 122, 123, 124, 125, 127, 128, 129, 130, 131, 132, 133, 134];[0, 1, 2, 3, 4, 5, 7, 8, 9, 10, 11, 12, 13, 14, 15, 16, 17, 18, 19, 20, 21, 22, 23, 24, 25, 26, 27, 28, 29, 30, 31, 32, 33, 34, 35, 36, 37, 38, 39, 40, 41, 42, 43, 44, 45, 46, 47, 48, 49, 50, 51, 52, 53, 54, 55, 56, 57, 58, 59, 61, 62, 63, 64, 66, 67, 68, 71, 72, 75, 76, 78, 79, 80, 81, 84, 85, 86, 87, 88, 89, 90, 91, 93, 94, 96, 98, 99, 100, 101, 102, 103, 104, 105, 106, 109, 110, 111, 112, 113, 114, 115, 116, 117, 118, 119, 120, 121, 122, 123, 124, 125, 127, 128, 129, 130, 131, 132, 133, 134];1
11;[11, 19, 22, 24, 39, 43, 46, 47, 48, 126];[11, 19, 22, 24, 39, 43, 46, 47, 48, 126];0
12;[1, 2, 3, 8, 13, 14, 16, 17, 18, 23, 25, 28, 29, 30, 31, 32, 34, 35, 36, 39, 46, 47, 48, 119, 120, 122, 123, 124, 125, 127, 130, 131, 132, 133, 134];[1, 2, 3, 8, 13, 14, 16, 17, 18, 23, 25, 28, 29, 30, 31, 32, 34, 35, 36, 39, 46, 47, 48, 119, 120, 122, 123, 124, 125, 127, 130, 131, 132, 133, 134];0
13;[11, 26, 50, 55, 57, 59, 63, 64, 67, 68, 69, 70, 111, 113];[11, 26, 50, 55, 57, 59, 63, 64, 67, 68, 69, 70, 111, 113];0
14;[11, 19, 20, 21, 22];[11, 19, 20, 21, 22];0
15;[7, 17, 36, 39, 41, 42, 45, 46, 47, 127, 129, 131, 133];[7, 17, 36, 39, 41, 42, 45, 46, 47, 127, 129, 131, 133];0
16;[1, 2, 3, 8, 13, 14, 16, 17, 18, 23, 25, 27, 28, 29, 30, 31, 32, 34, 35, 36, 39, 46, 47, 48, 119, 120, 122, 123, 124, 125, 127, 130, 131, 132, 133, 134];[1, 2, 3, 8, 13, 14, 16, 17, 18, 23, 25, 27, 28, 29, 30, 31, 32, 34, 35, 36, 39, 46, 47, 48, 119, 120, 122, 123, 124, 125, 127, 130, 131, 132, 133, 134];0
17;[2, 3, 10, 12, 13, 15, 16, 17, 21, 27, 29, 30, 32, 36, 37, 38, 39, 42, 43, 44, 45, 46, 47, 48, 50, 52, 53, 54, 55, 56, 57, 59, 61, 63, 64, 67, 68, 71, 74, 75, 82, 84, 85, 86, 87, 89, 93, 97, 98, 100, 101, 102, 103, 104, 106, 107, 111, 113, 129, 133, 134];[2, 3, 10, 12, 13, 15, 16, 17, 21, 27, 29, 30, 32, 36, 37, 38, 39, 42, 43, 44, 45, 46, 47, 48, 50, 52, 53, 54, 55, 56, 57, 59, 61, 63, 64, 67, 68, 71, 74, 75, 82, 84, 85, 86, 87, 89, 93, 97, 98, 100, 101, 102, 103, 104, 106, 107, 111, 113, 129, 133, 134];0
18;[11, 26, 50, 55, 57, 59, 63, 64, 67, 68, 69, 73, 110, 111, 113, 115, 116];[11, 26, 50, 55, 57, 59, 63, 64, 67, 68, 69, 73, 110, 111, 113, 115, 116];0
19;[11, 51, 52, 53, 58, 59, 61, 62, 63, 67, 68, 69, 75, 76, 78, 80, 82, 83, 84, 85, 86, 94, 95, 98, 99, 101, 102, 104, 105, 113, 114, 116, 117, 121, 125, 128];[11, 51, 52, 53, 58, 59, 61, 62, 63, 67, 68, 69, 75, 76, 78, 80, 82, 83, 84, 85, 86, 94, 95, 98, 99, 101, 102, 104, 105, 113, 114, 116, 117, 121, 125, 128];0
20;[0, 2, 9, 11, 14, 15, 16, 17, 19, 20, 21, 22, 24, 25, 28, 29, 30, 31, 33, 34, 36, 37, 38, 39, 41, 42, 43, 44, 45, 46, 47, 117, 122, 125, 130];[0, 2, 9, 11, 14, 15, 16, 17, 19, 20, 21, 22, 24, 25, 28, 29, 30, 31, 33, 34, 36, 37, 38, 39, 41, 42, 43, 44, 45, 46, 47, 117, 122, 125, 130];0
21;[2, 3, 10, 12, 13, 15, 16, 17, 21, 27, 29, 30, 32, 36, 37, 38, 39, 42, 43, 44, 45, 46, 47, 48, 50, 52, 53, 54, 55, 56, 57, 59, 61, 63, 67, 68, 71, 72, 73, 74, 75, 77, 82, 84, 86, 87, 88, 92, 96, 97, 105, 106, 107, 110, 111, 113, 115, 116, 129, 133, 134];[2, 3, 10, 12, 13, 15, 16, 17, 21, 27, 29, 30, 32, 36, 37, 38, 39, 42, 43, 44, 45, 46, 47, 48, 50, 52, 53, 54, 55, 56, 57, 59, 61, 63, 67, 68, 71, 72, 73, 74, 75, 77, 82, 84, 86, 87, 88, 92, 96, 97, 105, 106, 107, 110, 111, 113, 115, 116, 129, 133, 134];0
22;[1, 2, 3, 8, 13, 14, 16, 17, 18, 23, 25, 28, 29, 30, 31, 32, 35, 36, 39, 46, 47, 48, 118, 119, 120, 122, 123, 124, 125, 127, 130, 131, 132, 133, 134];[1, 2, 3, 8, 13, 14, 16, 17, 18, 23, 25, 28, 29, 30, 31, 32, 35, 36, 39, 46, 47, 48, 118, 119, 120, 122, 123, 124, 125, 127, 130, 131, 132, 133, 134];0
23;[1, 2, 3, 8, 13, 14, 17, 18, 23, 25, 28, 29, 30, 31, 32, 34, 35, 36, 39, 46, 47, 48, 123, 127, 130, 131, 132, 133, 134];[1, 2, 3, 8, 13, 14, 17, 18, 23, 25, 28, 29, 30, 31, 32, 34, 35, 36, 39, 46, 47, 48, 123, 127, 130, 131, 132, 133, 134];0
24;[2, 3, 10, 15, 16, 17, 21, 27, 29, 30, 32, 36, 39, 42, 43, 44, 47, 48, 49, 50, 55, 56, 59, 60, 61, 67, 112, 113, 114, 115, 132, 133, 134];[2, 3, 10, 15, 16, 17, 21, 27, 29, 30, 32, 36, 39, 42, 43, 44, 47, 48, 49, 50, 55, 56, 59, 60, 61, 67, 112, 113, 114, 115, 132, 133, 134];0
25;[1, 2, 3, 8, 13, 16, 17, 18, 25, 29, 31, 32, 36, 39, 47, 118, 119, 120, 122, 123, 124, 125, 127, 130];[1, 2, 3, 8, 13, 16, 17, 18, 25, 29, 31, 32, 36, 39, 47, 118, 119, 120, 122, 123, 124, 125, 127, 130];0
26;[11, 19];[11, 19];0
27;[11, 53, 54, 55, 56, 58, 59, 61, 68, 75, 80, 81, 86, 87, 88, 91, 98, 99, 100, 103, 104, 108, 111, 113, 116];[11, 53, 54, 55, 56, 58, 59, 61, 68, 75, 80, 81, 86, 87, 88, 91, 98, 99, 100, 103, 104, 108, 111, 113, 116];0
28;[1, 2, 3, 13, 31, 33, 36, 47];[1, 2, 3, 13, 31, 33, 36, 47];0
29;[2, 3, 10, 12, 13, 15, 16, 17, 21, 27, 28, 29, 30, 32, 36, 37, 38, 39, 42, 43, 44, 45, 46, 47, 48, 50, 52, 53, 54, 55, 56, 57, 59, 61, 63, 65, 66, 67, 68, 71, 72, 74, 75, 78, 79, 80, 82, 84, 85, 87, 88, 92, 93, 94, 95, 97, 98, 99, 101, 105, 109, 111, 113, 118, 119, 129, 133, 134];[2, 3, 10, 12, 13, 15, 16, 17, 21, 27, 28, 29, 30, 32, 36, 37, 38, 39, 42, 43, 44, 45, 46, 47, 48, 50, 52, 53, 54, 55, 56, 57, 59, 61, 63, 65, 66, 67, 68, 71, 72, 74, 75, 78, 79, 80, 82, 84, 85, 87, 88, 92, 93, 94, 95, 97, 98, 99, 101, 105, 109, 111, 113, 118, 119, 129, 133, 134];0
30;[0, 1, 2, 3, 4, 6, 7, 8, 9, 10, 11, 12, 13, 14, 15, 16, 17, 18, 19, 20, 21, 22, 23, 24, 25, 26, 27, 28, 29, 30, 31, 32, 33, 34, 35, 36, 37, 38, 39, 40, 41, 42, 43, 44, 45, 46, 47, 48, 49, 50, 51, 52, 53, 54, 55, 56, 57, 59, 60, 61, 62, 63, 64, 65, 66, 67, 68, 69, 70, 71, 72, 73, 74, 75, 77, 78, 79, 80, 81, 82, 83, 84, 85, 86, 87, 88, 89, 90, 91, 92, 93, 94, 95, 96, 97, 98, 99, 101, 102, 103, 104, 105, 106, 107, 108, 110, 111, 112, 113, 114, 115, 116, 117, 118, 119, 120, 122, 123, 124, 125, 126, 127, 128, 129, 130, 131, 132, 133, 134];[0, 1, 2, 3, 4, 6, 7, 8, 9, 10, 11, 12, 13, 14, 15, 16, 17, 18, 19, 20, 21, 22, 23, 24, 25, 26, 27, 28, 29, 30, 31, 32, 33, 34, 35, 36, 37, 38, 39, 40, 41, 42, 43, 44, 45, 46, 47, 48, 49, 50, 51, 52, 53, 54, 55, 56, 57, 59, 60, 61, 62, 63, 64, 65, 66, 67, 68, 69, 70, 71, 72, 73, 74, 75, 77, 78, 79, 80, 81, 82, 83, 84, 85, 86, 87, 88, 89, 90, 91, 92, 93, 94, 95, 96, 97, 98, 99, 101, 102, 103, 104, 105, 106, 107, 108, 110, 111, 112, 113, 114, 115, 116, 117, 118, 119, 120, 122, 123, 124, 125, 126, 127, 128, 129, 130, 131, 132, 133, 134];1
