[Priors]
[0.61, 0.61, 0.11, 0.11, 0.11, 0.11, 0.11, 0.11, 0.11, 0.11, 0.11, 0.11, 0.11, 0.11, 0.11, 0.11, 0.11, 0.11, 0.11, 0.11, 0.11, 0.11, 0.11, 0.11, 0.11, 0.11, 0.11, 0.11, 0.11, 0.11, 0.11, 0.11, 0.11, 0.11, 0.11, 0.11, 0.11, 0.11, 0.11, 0.11, 0.11, 0.11, 0.11, 0.11, 0.11, 0.11, 0.11, 0.11, 0.11, 0.11, 0.11, 0.11, 0.11, 0.11, 0.11, 0.11, 0.11, 0.11, 0.11, 0.11, 0.11, 0.11, 0.11, 0.11, 0.11, 0.11, 0.11, 0.11, 0.11, 0.11, 0.11, 0.11, 0.11, 0.11, 0.11, 0.11, 0.11, 0.11, 0.11, 0.11, 0.11, 0.11, 0.11, 0.11, 0.11, 0.11, 0.11, 0.11]
[Bugs]
0
1
[InitialTests]
0
10
1
2
[TestDetails]
0;[0, 1, 2, 3, 4, 6, 7, 8, 9, 10, 11, 12, 14, 16, 17, 18, 19, 20, 21, 22, 24, 25, 26, 27, 30, 32, 33, 39, 40, 41, 42, 43, 44, 45, 46, 47, 48, 49, 50, 51, 52, 53, 56, 57, 58, 59, 60, 61, 62, 63, 64, 65, 66, 67, 68, 69, 70, 71, 72, 73, 74, 76, 77, 78, 81, 82, 83, 84, 86];[0, 1, 2, 3, 4, 6, 7, 8, 9, 10, 11, 12, 14, 16, 17, 18, 19, 20, 21, 22, 24, 25, 26, 27, 30, 32, 33, 39, 40, 41, 42, 43, 44, 45, 46, 47, 48, 49, 50, 51, 52, 53, 56, 57, 58, 59, 60, 61, 62, 63, 64, 65, 66, 67, 68, 69, 70, 71, 72, 73, 74, 76, 77, 78, 81, 82, 83, 84, 86];1
1;[6, 47, 49, 51, 86];[6, 47, 49, 51, 86];0
2;[6, 8, 9, 10, 17, 49, 50, 51, 53, 79];[6, 8, 9, 10, 17, 49, 50, 51, 53, 79];0
3;[69, 71, 77];[69, 71, 77];0
4;[21, 34, 35, 36, 39, 40, 41, 45, 51, 57, 58, 63, 64, 69, 71, 72, 77];[21, 34, 35, 36, 39, 40, 41, 45, 51, 57, 58, 63, 64, 69, 71, 72, 77];0
5;[6, 7, 8, 9, 12, 14, 20, 22, 47, 51, 86];[6, 7, 8, 9, 12, 14, 20, 22, 47, 51, 86];0
6;[3, 24, 26, 27, 51, 56, 57, 58, 64, 69, 72, 77, 78];[3, 24, 26, 27, 51, 56, 57, 58, 64, 69, 72, 77, 78];0
7;[21, 34, 36, 39, 40, 41, 45, 46, 51, 58, 69, 71, 77];[21, 34, 36, 39, 40, 41, 45, 46, 51, 58, 69, 71, 77];0
8;[6, 47, 49, 51];[6, 47, 49, 51];0
9;[51, 58, 69, 71, 77];[51, 58, 69, 71, 77];0
10;[1, 3, 4, 5, 7, 8, 9, 10, 12, 14, 16, 17, 18, 19, 20, 21, 23, 26, 27, 28, 29, 30, 31, 34, 35, 37, 39, 40, 43, 44, 47, 49, 51, 54, 57, 60, 61, 62, 63, 64, 65, 67, 69, 70, 71, 72, 74, 75, 77, 79];[1, 3, 4, 5, 7, 8, 9, 10, 12, 14, 16, 17, 18, 19, 20, 21, 23, 26, 27, 28, 29, 30, 31, 34, 35, 37, 39, 40, 43, 44, 47, 49, 51, 54, 57, 60, 61, 62, 63, 64, 65, 67, 69, 70, 71, 72, 74, 75, 77, 79];1
11;[57, 63, 64, 65, 67, 68, 69, 75, 76, 77];[57, 63, 64, 65, 67, 68, 69, 75, 76, 77];0
12;[33, 48, 51, 66, 67, 69, 70, 77];[33, 48, 51, 66, 67, 69, 70, 77];0
13;[33, 64, 67, 69, 70, 77];[33, 64, 67, 69, 70, 77];0
14;[33, 64, 67, 69, 70, 77];[33, 64, 67, 69, 70, 77];0
15;[16, 23, 51, 57, 60, 62, 63, 64, 69, 72, 74, 77, 81];[16, 23, 51, 57, 60, 62, 63, 64, 69, 72, 74, 77, 81];0
16;[2, 4, 6, 7, 8, 9, 10, 14, 15, 17, 18, 21, 29, 39, 40, 43, 44, 49, 50, 51, 52, 53, 79, 80];[2, 4, 6, 7, 8, 9, 10, 14, 15, 17, 18, 21, 29, 39, 40, 43, 44, 49, 50, 51, 52, 53, 79, 80];0
17;[21, 23, 39, 40, 41, 42, 44, 58, 69, 71, 77];[21, 23, 39, 40, 41, 42, 44, 58, 69, 71, 77];0
18;[58, 69, 71, 77];[58, 69, 71, 77];0
19;[1, 2, 3, 4, 5, 7, 8, 9, 10, 12, 13, 14, 15, 16, 17, 18, 19, 20, 21, 23, 25, 26, 27, 28, 30, 34, 35, 36, 38, 39, 40, 43, 44, 47, 49, 51, 54, 55, 57, 60, 61, 62, 63, 64, 65, 66, 67, 68, 69, 70, 71, 72, 74, 75, 76, 77, 79, 80, 86, 87];[1, 2, 3, 4, 5, 7, 8, 9, 10, 12, 13, 14, 15, 16, 17, 18, 19, 20, 21, 23, 25, 26, 27, 28, 30, 34, 35, 36, 38, 39, 40, 43, 44, 47, 49, 51, 54, 55, 57, 60, 61, 62, 63, 64, 65, 66, 67, 68, 69, 70, 71, 72, 74, 75, 76, 77, 79, 80, 86, 87];1
20;[69, 81];[69, 81];0
21;[26, 27, 30, 51, 57, 58, 63, 64, 69, 72, 73, 74, 77, 78];[26, 27, 30, 51, 57, 58, 63, 64, 69, 72, 73, 74, 77, 78];0
22;[44, 59, 60, 69, 76, 77];[44, 59, 60, 69, 76, 77];0
23;[2, 6, 7, 9, 10, 15, 18, 39, 40, 43, 49, 50, 51, 54, 55, 79];[2, 6, 7, 9, 10, 15, 18, 39, 40, 43, 49, 50, 51, 54, 55, 79];0
24;[58, 69, 71, 77];[58, 69, 71, 77];0
25;[32, 45, 51, 58, 64, 66, 67, 69, 70, 71, 77];[32, 45, 51, 58, 64, 66, 67, 69, 70, 71, 77];0
26;[11, 19, 20, 21, 23, 24, 26, 28, 34, 36, 38, 39, 40, 41, 43, 51, 58, 69, 71, 77];[11, 19, 20, 21, 23, 24, 26, 28, 34, 36, 38, 39, 40, 41, 43, 51, 58, 69, 71, 77];0
27;[16, 39, 43, 57, 58, 61, 63, 64, 69, 73, 74, 77, 78, 82];[16, 39, 43, 57, 58, 61, 63, 64, 69, 73, 74, 77, 78, 82];0
28;[51, 83];[51, 83];0
29;[1, 2, 3, 4, 5, 7, 8, 9, 10, 12, 13, 14, 15, 16, 17, 18, 19, 20, 21, 23, 25, 26, 27, 28, 29, 30, 34, 35, 36, 37, 38, 39, 40, 43, 44, 47, 49, 51, 54, 55, 57, 60, 61, 62, 63, 64, 65, 66, 67, 68, 69, 70, 71, 72, 74, 75, 76, 77, 79, 80, 84, 85];[1, 2, 3, 4, 5, 7, 8, 9, 10, 12, 13, 14, 15, 16, 17, 18, 19, 20, 21, 23, 25, 26, 27, 28, 29, 30, 34, 35, 36, 37, 38, 39, 40, 43, 44, 47, 49, 51, 54, 55, 57, 60, 61, 62, 63, 64, 65, 66, 67, 68, 69, 70, 71, 72, 74, 75, 76, 77, 79, 80, 84, 85];1
30;[51];[51];0
