[Priors]
[0.1, 0.1, 0.1, 0.1, 0.1, 0.1, 0.1, 0.1, 0.1, 0.1, 0.1, 0.1, 0.1, 0.1, 0.1, 0.1, 0.1, 0.1, 0.1, 0.1, 0.1, 0.1, 0.1, 0.1, 0.1, 0.1, 0.1, 0.1, 0.1, 0.1, 0.1, 0.1, 0.1, 0.1, 0.1, 0.1, 0.1, 0.1, 0.1, 0.1, 0.1, 0.1, 0.1, 0.1, 0.1, 0.1, 0.1, 0.1, 0.1, 0.1, 0.1, 0.1, 0.1, 0.1, 0.1, 0.1, 0.1, 0.1, 0.1, 0.1, 0.1, 0.1, 0.1, 0.1, 0.1, 0.1, 0.1, 0.1, 0.1, 0.1, 0.1, 0.1, 0.1, 0.1, 0.1, 0.1, 0.1, 0.1, 0.1, 0.1, 0.1, 0.1, 0.1, 0.1, 0.1, 0.1, 0.1, 0.1, 0.1, 0.1, 0.1, 0.1]
[Bugs]
0
1
[InitialTests]
0
10
19
1
2
3
[TestDetails]
0;[0, 1, 2, 3, 4, 6, 7, 8, 9, 10, 11, 12, 14, 16, 17, 18, 19, 20, 21, 22, 24, 25, 26, 27, 30, 32, 33, 34, 35, 41, 42, 43, 44, 45, 46, 47, 48, 49, 50, 51, 52, 53, 54, 55, 58, 59, 60, 61, 62, 63, 64, 65, 66, 67, 68, 69, 70, 71, 72, 73, 74, 75, 76, 78, 79, 80, 83, 84, 85, 86, 87, 88, 90];[0, 1, 2, 3, 4, 6, 7, 8, 9, 10, 11, 12, 14, 16, 17, 18, 19, 20, 21, 22, 24, 25, 26, 27, 30, 32, 33, 34, 35, 41, 42, 43, 44, 45, 46, 47, 48, 49, 50, 51, 52, 53, 54, 55, 58, 59, 60, 61, 62, 63, 64, 65, 66, 67, 68, 69, 70, 71, 72, 73, 74, 75, 76, 78, 79, 80, 83, 84, 85, 86, 87, 88, 90];1
1;[6, 49, 51, 53, 90];[6, 49, 51, 53, 90];0
2;[6, 8, 9, 10, 17, 51, 52, 53, 55, 81];[6, 8, 9, 10, 17, 51, 52, 53, 55, 81];0
3;[71, 73, 79];[71, 73, 79];0
4;[21, 36, 37, 38, 41, 42, 43, 47, 53, 59, 60, 65, 66, 71, 73, 74, 79];[21, 36, 37, 38, 41, 42, 43, 47, 53, 59, 60, 65, 66, 71, 73, 74, 79];0
5;[6, 7, 8, 9, 12, 14, 20, 22, 49, 53, 90];[6, 7, 8, 9, 12, 14, 20, 22, 49, 53, 90];0
6;[3, 24, 26, 27, 53, 58, 59, 60, 66, 71, 74, 79, 80];[3, 24, 26, 27, 53, 58, 59, 60, 66, 71, 74, 79, 80];0
7;[21, 36, 38, 41, 42, 43, 47, 48, 53, 60, 71, 73, 79];[21, 36, 38, 41, 42, 43, 47, 48, 53, 60, 71, 73, 79];0
8;[6, 49, 51, 53];[6, 49, 51, 53];0
9;[53, 60, 71, 73, 79];[53, 60, 71, 73, 79];0
10;[1, 3, 4, 5, 7, 8, 9, 10, 12, 14, 16, 17, 18, 19, 20, 21, 23, 26, 27, 28, 29, 30, 31, 36, 37, 39, 41, 42, 45, 46, 49, 51, 53, 56, 59, 62, 63, 64, 65, 66, 67, 69, 71, 72, 73, 74, 76, 77, 79, 81];[1, 3, 4, 5, 7, 8, 9, 10, 12, 14, 16, 17, 18, 19, 20, 21, 23, 26, 27, 28, 29, 30, 31, 36, 37, 39, 41, 42, 45, 46, 49, 51, 53, 56, 59, 62, 63, 64, 65, 66, 67, 69, 71, 72, 73, 74, 76, 77, 79, 81];1
11;[59, 65, 66, 67, 69, 70, 71, 77, 78, 79];[59, 65, 66, 67, 69, 70, 71, 77, 78, 79];0
12;[34, 50, 53, 68, 69, 71, 72, 79];[34, 50, 53, 68, 69, 71, 72, 79];0
13;[34, 66, 69, 71, 72, 79];[34, 66, 69, 71, 72, 79];0
14;[34, 66, 69, 71, 72, 79];[34, 66, 69, 71, 72, 79];0
15;[16, 23, 53, 59, 62, 64, 65, 66, 71, 74, 76, 79, 83];[16, 23, 53, 59, 62, 64, 65, 66, 71, 74, 76, 79, 83];0
16;[2, 4, 6, 7, 8, 9, 10, 14, 15, 17, 18, 21, 29, 41, 42, 45, 46, 51, 52, 53, 54, 55, 81, 82];[2, 4, 6, 7, 8, 9, 10, 14, 15, 17, 18, 21, 29, 41, 42, 45, 46, 51, 52, 53, 54, 55, 81, 82];0
17;[21, 23, 41, 42, 43, 44, 46, 60, 71, 73, 79];[21, 23, 41, 42, 43, 44, 46, 60, 71, 73, 79];0
18;[60, 71, 73, 79];[60, 71, 73, 79];0
19;[1, 2, 3, 4, 5, 7, 8, 9, 10, 12, 13, 14, 15, 16, 17, 18, 19, 20, 21, 23, 25, 26, 27, 28, 30, 36, 37, 38, 40, 41, 42, 45, 46, 49, 51, 53, 56, 57, 59, 62, 63, 64, 65, 66, 67, 68, 69, 70, 71, 72, 73, 74, 76, 77, 78, 79, 81, 82, 90, 91];[1, 2, 3, 4, 5, 7, 8, 9, 10, 12, 13, 14, 15, 16, 17, 18, 19, 20, 21, 23, 25, 26, 27, 28, 30, 36, 37, 38, 40, 41, 42, 45, 46, 49, 51, 53, 56, 57, 59, 62, 63, 64, 65, 66, 67, 68, 69, 70, 71, 72, 73, 74, 76, 77, 78, 79, 81, 82, 90, 91];1
20;[71, 83];[71, 83];0
21;[26, 27, 30, 53, 59, 60, 65, 66, 71, 74, 75, 76, 79, 80];[26, 27, 30, 53, 59, 60, 65, 66, 71, 74, 75, 76, 79, 80];0
22;[46, 61, 62, 71, 78, 79];[46, 61, 62, 71, 78, 79];0
23;[2, 6, 7, 9, 10, 15, 18, 41, 42, 45, 51, 52, 53, 56, 57, 81];[2, 6, 7, 9, 10, 15, 18, 41, 42, 45, 51, 52, 53, 56, 57, 81];0
24;[60, 71, 73, 79];[60, 71, 73, 79];0
25;[32, 33, 47, 53, 60, 66, 68, 69, 71, 72, 73, 79];[32, 33, 47, 53, 60, 66, 68, 69, 71, 72, 73, 79];0
26;[11, 19, 20, 21, 23, 24, 26, 28, 36, 38, 40, 41, 42, 43, 45, 53, 60, 71, 73, 79];[11, 19, 20, 21, 23, 24, 26, 28, 36, 38, 40, 41, 42, 43, 45, 53, 60, 71, 73, 79];0
27;[16, 41, 45, 59, 60, 63, 65, 66, 71, 75, 76, 79, 80, 84];[16, 41, 45, 59, 60, 63, 65, 66, 71, 75, 76, 79, 80, 84];0
28;[53, 85, 86];[53, 85, 86];0
29;[1, 2, 3, 4, 5, 7, 8, 9, 10, 12, 13, 14, 15, 16, 17, 18, 19, 20, 21, 23, 25, 26, 27, 28, 29, 30, 36, 37, 38, 39, 40, 41, 42, 45, 46, 49, 51, 53, 56, 57, 59, 62, 63, 64, 65, 66, 67, 68, 69, 70, 71, 72, 73, 74, 76, 77, 78, 79, 81, 82, 88, 89];[1, 2, 3, 4, 5, 7, 8, 9, 10, 12, 13, 14, 15, 16, 17, 18, 19, 20, 21, 23, 25, 26, 27, 28, 29, 30, 36, 37, 38, 39, 40, 41, 42, 45, 46, 49, 51, 53, 56, 57, 59, 62, 63, 64, 65, 66, 67, 68, 69, 70, 71, 72, 73, 74, 76, 77, 78, 79, 81, 82, 88, 89];1
30;[53];[53];0
31;[53, 71, 73, 79];[53, 71, 73, 79];0
32;[35, 66, 69, 71, 72, 79];[35, 66, 69, 71, 72, 79];0
33;[47, 59, 60, 65, 66, 71, 73, 74, 79];[47, 59, 60, 65, 66, 71, 73, 74, 79];0
34;[60, 71, 73, 79];[60, 71, 73, 79];0
35;[53, 85, 87];[53, 85, 87];0
36;[11, 19, 20, 21, 23, 24, 26, 41, 42, 43, 44, 46, 53, 60, 71, 73, 79];[11, 19, 20, 21, 23, 24, 26, 41, 42, 43, 44, 46, 53, 60, 71, 73, 79];0
37;[2, 4, 6, 7, 8, 9, 10, 14, 15, 17, 18, 21, 29, 41, 42, 45, 46, 51, 52, 53, 54, 55, 81, 82];[2, 4, 6, 7, 8, 9, 10, 14, 15, 17, 18, 21, 29, 41, 42, 45, 46, 51, 52, 53, 54, 55, 81, 82];0
38;[32, 66, 69, 71, 72, 79];[32, 66, 69, 71, 72, 79];0
